                     128
                  0.0999
      0.0000000000000000
  9.9819833855050635E-03
  1.9750127975707451E-03
 -9.9609115417114276E-05
  6.6350698470777218E-06
 -4.9712744952428768E-07
  3.9730106956569600E-08
 -3.3075133434638381E-09
  2.8321652000191010E-10
 -2.4756589075286069E-11
  2.1983844922729908E-12
 -1.9765381861652542E-13
  1.7948752509609464E-14
 -1.6427351609768272E-15
  1.5229974732099615E-16
 -1.6031044569069525E-17
  2.2739329686740827E-18
  1.4182902056451771E-19
 -2.3356245847219842E-18
  6.1485434821761358E-19
  1.9616672585574434E-20
  1.7142218072269636E-18
 -1.2786525971791410E-18
  6.4572875890422412E-19
 -1.3047900966648508E-18
 -1.7148931023944248E-19
 -2.6564833149215863E-19
  7.7139221739206646E-19
  5.7478221436021823E-19
  5.8962088610453905E-19
 -5.8109706187548421E-19
 -6.3123069314478059E-19
  7.5716889673860235E-20
  2.7497059780757676E-20
  6.1108176879542065E-19
 -6.9081277729161190E-19
 -1.6471604602091513E-19
  5.5319060132383274E-19
  2.3199009359775584E-19
  1.6163601887492037E-19
 -5.8894912038629297E-19
 -1.1398015996296513E-18
  1.4030380146000982E-19
 -3.5483460230200818E-19
  2.3931591422823253E-19
  4.1402137513822990E-19
  2.0084995355032802E-19
  1.1011185953117164E-19
  4.9072954853324427E-20
  5.0314458635442062E-19
  1.6117405407616063E-19
  4.2191062965992170E-20
  6.3320563480415024E-20
 -2.1408841248812735E-19
  5.8354909064192330E-20
 -1.7002193455026381E-19
 -5.8418825100643362E-20
  5.0321993720387444E-19
  4.9812901224292121E-19
 -3.1326205743250404E-19
 -3.2877089689469335E-19
 -2.1845916468638772E-19
 -4.5619265742492252E-19
  7.0275995293525614E-20
  2.3477799931910745E-19
 -2.9891365864921055E-19
 -2.4650700331293630E-19
 -2.1738998430690311E-19
  8.0460079240130339E-20
 -1.9637606545579641E-19
  4.3247478747020906E-20
  3.6565711159437294E-19
  1.7463097695698982E-19
 -1.6175573488118443E-19
  9.9778884527612449E-20
 -6.2566999637505426E-20
 -5.9466333683433372E-19
  1.0477293567236932E-19
  5.5686017881197545E-21
 -2.3812646292160948E-19
 -9.7109579062123727E-20
  1.4478398502259253E-19
 -3.3918535110675163E-19
  6.2589510006929307E-19
 -9.5312249374687453E-20
 -2.4586044245439747E-19
  4.5898445456350261E-20
  1.8548066629535128E-19
 -1.3553691322167413E-19
 -9.1776937392507164E-21
 -1.2183083258297108E-19
  1.5198381106626020E-19
 -5.9318818520033958E-20
  4.2083509109263939E-19
 -2.1540138829499719E-19
  1.5585889545683522E-19
  2.0185845055262059E-19
 -2.3086006502856296E-19
  1.7057292319799446E-20
 -1.7298755012241848E-19
  3.9333421453556229E-19
 -7.8458451364128060E-20
 -1.9415842669403556E-20
 -1.2838183699484466E-19
  2.5832405054267468E-19
 -6.8168422692162263E-20
 -1.3721562033735127E-19
 -3.5315701549191886E-19
  1.5537201834542592E-19
 -2.4153837098357849E-20
  1.0881875543583182E-19
  1.7242103928341277E-19
 -3.2913327474627948E-19
  2.1730543567386942E-19
 -1.4582102056836390E-19
 -4.0183386850393152E-20
  1.8116917920776131E-19
 -1.2719040723224233E-19
 -4.2095056037846325E-20
 -5.9040029059171394E-20
  8.0754128895215911E-20
  1.0840044226317030E-19
 -2.8583129854741137E-19
  1.4958526741965721E-19
 -2.9028071040307878E-19
 -2.5782316549276116E-21
  7.4759429341703777E-20
  6.4925844450008751E-20
  9.8944243276574196E-20
