                     128
                  0.4500
      0.2377143222786943
  2.1753530067183621E-01
  1.8219797899470841E-01
 -4.8963656940253265E-03
  3.1147538516567981E-03
 -1.4634932578970084E-04
  1.0644624159576724E-04
 -5.1746191362393422E-06
  4.3362406537644846E-06
 -2.1509799075667206E-07
  1.9008121902391322E-07
 -9.9527736719051104E-09
  8.7067443342820069E-09
 -4.8717643999239224E-10
  4.1182251932427475E-10
 -2.4489074826929459E-11
  1.9975287806506149E-11
 -1.2468677634612152E-12
  9.8857557346252316E-13
 -6.3946187737716131E-14
  4.9721644304997547E-14
 -3.3017359262822372E-15
  2.5401723765730229E-15
 -1.7460511092887751E-16
  1.2871728889824185E-16
 -7.8678219577921273E-18
  8.9926598601574989E-18
 -1.6435533988629304E-18
  9.4841526612418109E-19
 -1.6537016737236838E-18
  2.2712325661974597E-19
 -2.4051674183368523E-18
  4.0036934712006472E-18
 -1.4953653505873549E-18
  2.5609435260012124E-20
  3.1696659362665710E-19
 -2.1658222875578476E-18
  8.4923466603459864E-19
 -1.0593945436535169E-18
  6.1527985639526301E-19
  9.0729149234519719E-19
 -2.6942339283380491E-18
  2.3357077505800307E-18
  2.2222830492407816E-18
 -3.9845654860841796E-18
  1.8521485137087683E-18
 -2.6246409696080126E-18
  1.0618258072213922E-18
  7.5969821067978571E-19
  6.9136452651925533E-19
 -1.1770502862965404E-18
  2.9328282501868294E-18
 -1.0697392012480354E-18
 -5.8633409751702468E-19
  3.0745076702427996E-19
 -1.5270479111244603E-18
  3.1410753886296356E-18
 -1.6181566240261599E-18
 -1.8146046499974596E-20
 -1.8035170049442723E-19
  3.3756352744377095E-19
  5.7841982244179915E-19
  9.3820218400493687E-19
 -1.3671837008648739E-18
 -8.9965171152782390E-19
  6.6161138430598106E-19
 -2.8161563297601280E-19
  1.6644287418832453E-18
 -7.3474322630623540E-19
 -4.5499777291408107E-19
  7.5601916214060571E-19
 -1.0494011064526695E-18
  6.5468840055143560E-19
 -9.0531228865844384E-19
  1.4520952952315843E-18
 -5.9188939886256195E-19
 -5.3271635190186184E-19
  3.9110629463336128E-19
 -6.5765019832716978E-20
  2.7908491121327224E-19
 -4.7386662492278943E-19
  4.0989931278517214E-19
  6.8550685559755701E-19
 -1.7212176611792804E-18
  1.4930177657201199E-18
 -8.5389522646263059E-19
 -7.8933091010246202E-20
  6.4121583617676084E-19
 -9.8071160097529141E-19
  9.7255853817993737E-19
 -5.6947270651124725E-19
 -5.9407008088323865E-19
  1.4361352845639669E-18
 -1.2369285939338793E-18
 -4.6716537086806527E-19
  8.9667139636779958E-19
 -3.1534136245979047E-20
 -5.7964480724710520E-19
 -1.0404825487775634E-18
  1.1583395704200565E-18
 -2.3201430692657063E-19
  4.1113339268763502E-19
 -1.2874007581252115E-18
  8.2126419731531685E-19
 -3.8879123694554007E-19
  8.3369987059652065E-19
 -1.0952270439359171E-18
  8.2987193640031002E-19
 -8.0467203385365990E-20
  4.4199278850467096E-19
 -4.6431337838807335E-19
 -5.8417340938601250E-20
  4.5674377231990148E-19
 -2.7500601176774949E-19
 -1.9602964981404154E-19
 -6.0799845985626666E-20
 -5.8071014149710239E-20
 -1.0698275704106818E-19
  8.4188964257328527E-19
 -2.0949479297219381E-19
  1.9058934736481453E-19
 -3.8251042700288360E-19
 -2.5560084983177403E-19
  4.2182140027378241E-19
 -1.0660733500577880E-18
  1.5620335779999841E-18
 -2.1994754492976391E-19
 -9.3144470567354676E-19
  2.8475643357672432E-19
