                      32
                  0.0120
      0.0000000000000000
  1.4400000597132321E-04
  3.4555026702954336E-06
 -2.0736000331795065E-08
  1.6588800430289898E-10
 -1.4929790500038318E-12
  1.4324657376581948E-14
 -1.4264142346709237E-16
  9.4091072246590331E-18
 -2.6224832913797136E-18
  2.7750710148610685E-18
 -1.7044209816161541E-18
 -5.9330436892950053E-19
  2.3126134063976961E-18
 -4.3708588462725842E-19
 -9.9753339772014853E-20
 -2.0944463108449248E-18
  8.3517600475865238E-19
  6.6501696935948602E-19
  2.2342011289509906E-20
  2.6009546091408096E-18
 -7.6415988451202123E-19
 -2.0931968168315249E-18
 -6.7678117144495973E-19
  4.1507345715234345E-19
  1.5941146168315740E-18
 -9.2461747782104488E-19
  4.3398887483311509E-19
  4.3316032195436713E-20
 -2.0167304817507425E-19
  3.5522995613820805E-19
 -9.9345053010796002E-19
  1.0192937149838636E-18
