                     128
                  0.3542
      0.0000000000000000
  1.2909804125248922E-01
  8.2878392101440282E-02
 -1.5991486761391636E-02
  3.8417646057168522E-03
 -1.0225629204894829E-03
  2.8957198439306649E-04
 -8.5402396548066648E-05
  2.5910523914877730E-05
 -8.0258902729576766E-06
  2.5257519425924923E-06
 -8.0484610383064610E-07
  2.5907278031915998E-07
 -8.4091409644140376E-08
  2.7486602977587170E-08
 -9.0381267116351145E-09
  2.9872101612324796E-09
 -9.9173279969008015E-10
  3.3054397832517668E-10
 -1.1055391890886325E-10
  3.7090762995780783E-11
 -1.2478597552154868E-11
  4.2087784583870178E-12
 -1.4227714880439474E-12
  4.8196530417642070E-13
 -1.6357669160008492E-13
  5.5614783341320436E-14
 -1.8940043008166949E-14
  6.4596042881385481E-15
 -2.2063965787866546E-15
  7.5581986335709821E-16
 -2.5997842662531914E-16
  8.8863916769781240E-17
 -3.0450051728796696E-17
  1.2097929446841256E-17
 -5.5288746388441085E-18
  1.6925714960953036E-18
  4.2441737050280126E-19
 -2.1355386650883868E-19
  2.7253440325683890E-19
 -3.5327134061635055E-19
  1.8567820050299862E-18
 -1.6268068668565750E-18
  9.2624849140871612E-19
 -2.2773771505107214E-18
  1.4232983973681987E-18
 -1.3741739410320491E-18
  2.3318932686692682E-18
 -1.0973266031056151E-18
  5.6669180813549751E-19
 -1.7047351118481163E-19
 -3.6716518112760261E-19
  8.1183605914923502E-20
  2.0919183809914594E-19
  2.7263539190175402E-19
 -1.0818033021223032E-18
  1.0691913416383532E-18
  1.9788195034621040E-19
 -1.2176387927208183E-19
 -8.4109833919120777E-19
  5.9031675308839599E-19
  8.6364200180007464E-20
 -7.3321995608683950E-19
  1.3192753690539919E-19
  1.0484926847597028E-18
 -1.4560543478408670E-18
  7.9775283843398573E-19
 -4.5278566975793542E-19
  2.0100782099772895E-19
 -1.7226870301231435E-19
  5.4161378411556298E-19
 -3.7786880593957795E-19
  3.0104963698970526E-21
  1.9991830720799162E-19
 -2.7024821319433120E-19
  4.4717336063200941E-19
  1.9637835527221654E-19
  1.5492773660611177E-19
 -5.3934864229508056E-20
 -5.6139552176734252E-19
  1.5248311045569182E-19
 -2.5662460909628596E-20
  1.3949919508611934E-19
 -7.6175426712425478E-19
  4.7847926248861214E-19
 -6.5467498406330175E-19
  9.1073565457379275E-19
 -8.0090054515385747E-19
  2.5557378091375026E-20
  3.7707579957024039E-19
 -2.1699772435663204E-19
  4.8018509250566780E-19
 -2.8951919337465034E-19
 -1.8796136639186007E-19
  4.7138566906501591E-19
 -1.4274033317813671E-19
  4.1816833769600385E-19
 -3.7303275475885643E-19
  3.6585954842159700E-19
 -2.1594855159467314E-19
 -2.0996821049286861E-19
  4.6196480142789015E-19
 -1.3937918719061626E-19
  7.7238677893689418E-20
 -3.7636950313306637E-19
  4.0137848230082971E-20
 -3.2450514447228119E-19
  6.2228652172707697E-19
 -2.9301307427591374E-19
  2.5093952726070735E-19
 -2.4264797614307074E-22
 -1.2703080701309618E-19
 -1.4578556226922289E-19
 -8.4794067417811397E-21
  1.3478873825848619E-19
 -9.6965428276313744E-20
  1.3291492766749767E-19
 -9.5611454846932396E-19
  1.0317722029671921E-18
 -5.4621566154945291E-19
  3.3444756137264296E-19
 -2.1993363410295496E-19
 -2.7839011197483651E-20
  9.3383261230523533E-20
  2.4429224638435749E-19
 -2.3597210898622846E-19
 -4.8223964183992719E-20
  1.7633577585061013E-19
 -4.6586867489841055E-20
