                      32
                  0.0250
      0.0000000000000000
  6.2500048805257612E-04
  3.1230525638114738E-05
 -3.9062512742626123E-07
  6.5104231939856228E-09
 -1.2207043202294288E-10
  2.4414108255870206E-12
 -5.0854516015125556E-14
  1.0845658693257258E-15
 -2.7281839536326703E-17
  1.0019832516636699E-18
  3.3762150232756332E-18
  2.5618688872816944E-18
  8.6079128597743516E-19
 -1.2131856228696949E-19
 -1.8956279822053040E-18
 -3.2629873292703582E-18
 -1.0541968855619328E-18
 -7.6176425609358436E-19
 -3.5624916581732057E-19
  4.4428886080892782E-18
 -1.4701115282510079E-18
  1.7811434752078355E-20
  1.6292549970916296E-18
 -1.1276378886072546E-18
  4.8131913185687586E-19
  6.5972962528758585E-19
 -6.7860049716837005E-19
 -6.5109917618671557E-19
 -4.9606704319497002E-19
  2.7619745899937795E-19
 -2.8170111981441826E-19
  4.4679081421308239E-19
