                     128
                  0.1417
      0.0000000000000000
  2.0088628870038851E-02
  5.5837994354094814E-03
 -4.0305595109748059E-04
  3.8094126752259667E-05
 -4.0477036470340190E-06
  4.5876215688680808E-07
 -5.4162602936707537E-08
  6.5773134907656185E-09
 -8.1536874202995884E-10
  1.0268337368180793E-10
 -1.3093083803561011E-11
  1.6863525903623002E-12
 -2.1900663943369058E-13
  2.8634970952054127E-14
 -3.7688009229460759E-15
  4.9661313810241385E-16
 -6.4577388421936805E-17
  8.8249828306271674E-18
 -1.7890033277126725E-18
  2.4473855598773308E-19
 -7.0399943463215016E-19
  9.3318425852265442E-19
 -6.2747690464701094E-19
  5.9548855282996741E-19
 -1.4531225373722661E-18
  3.9435928280340843E-19
 -8.9793850136905090E-19
  7.1434834341490559E-19
  8.3003949648159282E-19
 -8.8943310033887022E-19
  6.5364745986903621E-19
 -1.0016206683711670E-19
  1.5848178791456584E-19
 -4.5140309233039544E-19
  3.3078616993206659E-19
 -1.4511332110159061E-19
  1.2947124003666767E-19
  6.6107627269472815E-19
 -2.0159078042332866E-19
  3.6012282072830352E-19
 -1.7513471113728724E-19
  3.2823887683506530E-19
 -1.1449733029416179E-18
  8.2910269170381157E-19
  4.7429269144504529E-19
  4.4119744858006940E-19
 -2.3136530306671536E-19
 -3.6440786521791246E-19
 -4.1155149845061072E-19
  7.0567313100861259E-19
  2.8225579351712912E-19
  6.9060785798385853E-19
 -4.2209911114800006E-19
 -3.5052293854387912E-20
  1.1766788136842733E-19
  2.6613817040640046E-19
  4.2647123628923099E-19
 -2.5559359742853785E-20
  1.4771369255852929E-19
 -4.2413038691422280E-19
 -3.8340980231179934E-19
 -1.8864135464428017E-19
 -1.3438793808621061E-19
 -9.3427644209956772E-20
  3.0676458623733168E-19
  3.5517820268491010E-20
  2.9111810875389715E-19
 -5.8748007504611313E-19
  6.7826329826861575E-20
  3.2021711156293744E-19
 -4.7097812828787810E-19
  7.4692687923141333E-19
  4.7751521356272368E-20
 -7.1885558964919570E-20
  3.9429727488184309E-19
 -2.7487119197532307E-19
 -1.1177913117220937E-19
  3.8212029857303587E-19
 -1.2847627334466842E-19
 -1.4526356957686909E-19
  3.8012005915923322E-19
 -6.8890578132245962E-19
  3.8660908402910619E-19
 -2.6851154166879866E-19
  5.0938474331696150E-20
  1.0551307160945110E-19
  3.5289296904536146E-19
 -1.9971889885257506E-19
  2.4373010607931426E-19
 -1.1923784328513479E-21
 -4.0968683982599983E-21
 -2.3647055825176907E-20
 -1.3307832710565112E-19
 -1.2471022769502365E-19
  3.8383930535982196E-19
 -3.4051233059486255E-19
  8.8288975253909296E-20
 -1.0995742699461252E-19
  1.9480594797918811E-19
  2.9302948931485039E-22
 -1.7186679203457345E-19
 -1.3793631533342081E-19
  2.7477301489275178E-19
 -7.4900221306645612E-20
 -3.0951956172691622E-20
 -2.8482874700116072E-19
 -1.4520241795442082E-19
 -1.6582809654209484E-19
  4.2708131826003247E-19
 -2.1607699579301024E-19
  2.0522472781825919E-19
 -5.9741794324452197E-20
 -7.3992237084531557E-20
 -1.6672245970577109E-19
  2.1914661779375430E-19
 -1.3699487661408710E-19
 -1.2209270143130688E-19
  3.0323526901362901E-19
 -1.5239464383141140E-19
  7.6447448565863779E-20
 -1.2660663747913034E-20
 -2.7378652326864997E-20
 -1.8320224934099220E-19
  1.5429357975599486E-19
 -7.5672322371287217E-21
 -2.5236897886262074E-19
  7.2622964406421917E-20
  1.0253816650155339E-19
