                      32
                  0.0280
      0.0000000000000000
  7.8400096321462013E-04
  4.3869704981533697E-05
 -6.1465631559773850E-07
  1.1473596758178031E-08
 -2.4094551892888525E-10
  5.3971773549500971E-12
 -1.2593792497929805E-13
  3.0239453921898489E-15
 -7.4674285250375311E-17
  5.5583598251183164E-18
 -5.1213355848547618E-18
  3.7914247208545628E-18
  1.9582218996744667E-18
  3.1481058359705184E-19
 -3.1220954528126830E-18
  4.0674387548827474E-19
  4.9435042235907195E-19
 -1.8526011717929510E-18
 -3.1436574047415074E-18
  2.9580311552390176E-18
 -4.0831866608724476E-19
  1.4760479283165109E-19
 -1.1165197237328256E-18
 -2.5380274628745317E-18
  4.5341374767987434E-19
 -1.6204263583555569E-18
  1.1490991669734458E-18
  3.5681329512325514E-19
 -9.0131249069949001E-19
  6.4455857753447564E-19
  2.4914279856105029E-18
 -1.2373961700367948E-18
