                      32
                  0.0420
      0.0000000000000000
  1.7640109635795570E-03
  1.4791676093628100E-04
 -3.1117041136024710E-06
  8.7128181963638963E-08
 -2.7445366276265630E-09
  9.2216405871628508E-11
 -3.2275652704802002E-12
  1.1618906760755026E-13
 -4.2774618327638976E-15
  1.6046435447908820E-16
 -1.2752063739623489E-17
 -3.2289741738871968E-18
  1.9078596172161572E-18
  3.5799888534750975E-18
  7.3738209165590243E-19
 -2.2773387394491496E-18
  1.8054908757326532E-19
 -1.3032952128865202E-18
  5.6653961188314321E-19
 -1.6163943417010142E-18
  4.8801577905117483E-18
 -8.8889683094576994E-19
  1.7339224849834673E-18
 -1.6009905242365328E-18
 -2.2022125423784325E-20
  1.5197926656198581E-18
  1.3089842789205051E-18
 -6.7572290430045443E-19
  1.7701797727985546E-18
 -1.0644911994435255E-18
  1.9094557182807479E-19
  6.1201042962419040E-19
