                      32
                  0.0470
      0.0000000000000000
  2.2090215228370634E-03
  2.0719201565230603E-04
 -4.8797009801179703E-06
  1.5289857975645297E-07
 -5.3896715995801671E-09
  2.0265157888051291E-10
 -7.9371904369303402E-12
  3.1976581234303250E-13
 -1.3159005330572587E-14
  5.5278229022970285E-16
 -2.2674221323260679E-17
 -1.6863572413603963E-19
 -5.4272788696643657E-18
  4.2085907336034771E-18
  2.5547985116405024E-18
 -5.5122471417045034E-18
  3.3602990706678214E-18
 -3.4251018334420404E-19
 -8.3863536832359492E-21
  8.2993327844675262E-19
  2.1173084145769188E-18
 -3.0338689809464879E-18
 -9.7916436698108164E-21
  1.7277566530333546E-19
  6.9787459717609483E-19
  3.2404434740147698E-19
  1.3478010698923541E-19
 -2.6487309484192088E-19
 -1.5797961559914020E-18
 -5.1573535776910234E-19
 -1.0087433981805694E-18
  7.2461907219254628E-19
