                     128
                  0.3800
      0.0000000000000000
  1.4994156961070379E-01
  1.0212269591099568E-01
 -2.1310770220394709E-02
  5.5159114456587001E-03
 -1.5770327972233198E-03
  4.7918587056211065E-04
 -1.5160514657891331E-04
  4.9341570669199281E-05
 -1.6395912453508985E-05
  5.5354203881181469E-06
 -1.8923411494630570E-06
  6.5349444924314531E-07
 -2.2756764882241932E-07
  7.9803664962137105E-08
 -2.8153108466905249E-08
  9.9830337744991516E-09
 -3.5558422363610998E-09
  1.2715397925852732E-09
 -4.5627779289004201E-10
  1.6423918817291129E-10
 -5.9283490879686548E-11
  2.1452701793954544E-11
 -7.7807209092278255E-12
  2.8278694623192827E-12
 -1.0297301659097853E-12
  3.7561705840280745E-13
 -1.3723537901108304E-13
  5.0213866135487024E-14
 -1.8398097358798064E-14
  6.7497471339248325E-15
 -2.4794573763561059E-15
  9.1114093779233162E-16
 -3.3586906903843239E-16
  1.2443330806696259E-16
 -4.5451814026474933E-17
  1.6741507933954182E-17
 -6.9821154300380142E-18
  3.1215271634605841E-18
 -1.4461683208447723E-18
  9.8579007166255559E-20
  1.0749516516288122E-18
 -1.1213614680524637E-18
  4.0156375154377399E-19
  5.0970999465633269E-19
 -7.2123401317306156E-19
  8.9961938285923033E-19
 -8.3624643405898727E-19
 -6.6971824410159528E-19
  1.0634345856958115E-18
  1.0131072870314508E-18
 -2.4070258421000982E-18
  1.3754463601941409E-18
 -3.1884206569879059E-19
  4.7913099084280073E-19
 -1.2483136658871501E-18
  1.2671608662955941E-18
 -7.1833998207901462E-19
  3.3752229265056907E-19
  1.7268272945214863E-19
 -4.7498139705924078E-19
 -1.2733557873766352E-19
  6.3486244711188671E-19
 -2.6335871672461519E-19
 -2.1015437029945768E-19
 -3.1178877121857865E-20
  4.2281526962803880E-19
 -4.2402277441851764E-19
 -1.6665638466150312E-19
 -4.4669560937362845E-19
  4.3307374958055753E-19
  6.1192568863867610E-19
 -9.9776785214171516E-20
  2.0221525765458501E-19
 -2.0226746932199485E-19
  1.2800816018509813E-19
  1.4010864009161175E-20
 -1.4003909673725792E-19
 -7.2743973145521693E-19
  1.2513523306536757E-18
 -1.2919615959788725E-18
  8.7939925544621335E-19
  1.2714505232165865E-19
 -5.7806434096152659E-20
 -6.0902824975557472E-19
  1.5851118103631756E-19
  3.9746763198571404E-21
 -5.9974757018578779E-19
  1.1408086973672644E-18
 -6.3131346996779948E-19
  5.2817248058568222E-19
  8.3064584737014908E-20
  4.3499588087299942E-19
 -6.2617958939673569E-19
  6.5799986989756673E-19
 -4.4512806531241366E-19
  1.8156277755044764E-19
  2.2933766282862334E-19
 -3.8666741946971637E-19
  4.2609939168223792E-20
  8.4634162169693459E-20
 -7.5718579894271660E-19
  7.1045705820147773E-19
  1.4097101531231071E-19
  1.1405394363789919E-19
 -6.2428183681188897E-19
  6.6290347321520545E-19
 -6.0724663064067912E-19
 -2.2498033678765335E-20
  4.1411631114003992E-19
 -1.5332271137550028E-20
 -2.9793819077543691E-19
 -1.8701377610971321E-19
  2.6257969833998619E-19
 -1.0704227114228205E-19
  4.1734712287437336E-19
 -4.0466296997802886E-19
 -3.4721522340146691E-20
  1.4269499048715750E-21
 -1.6226455922202338E-19
  2.7564980306544202E-19
 -4.1421560463640724E-19
  9.1778737924888557E-19
 -1.0108620171696815E-18
  5.6102950099026318E-19
  1.0133704845010003E-19
 -1.9386723163523477E-19
 -6.3575505778775838E-20
  2.1199971547092712E-20
