                     128
                  0.3952
      0.0000000000000000
  1.6313763193528441E-01
  1.1478233157184872E-01
 -2.5020408416482856E-02
  6.7523556286856017E-03
 -2.0092883688540147E-03
  6.3496005837424604E-04
 -2.0888833973944096E-04
  7.0690684064868284E-05
 -2.4425333282594743E-05
  8.5746994700671767E-06
 -3.0481566181129818E-06
  1.0945962797433820E-06
 -3.9636964613769567E-07
  1.4454174975852299E-07
 -5.3024876969882715E-08
  1.9552420318917034E-08
 -7.2421354652259596E-09
  2.6930322560667201E-09
 -1.0049152627728997E-09
  3.7615455853737597E-10
 -1.4119312074457543E-10
  5.3131578515705580E-11
 -2.0039273980627938E-11
  7.5737870593869196E-12
 -2.8679371555118986E-12
  1.0878868755813690E-12
 -4.1332893352599902E-13
  1.5727276101800410E-13
 -5.9924876755919971E-14
  2.2861246870014497E-14
 -8.7310357008810748E-15
  3.3382365701020796E-15
 -1.2779573936347995E-15
  4.8754570544074880E-16
 -1.8414968680556136E-16
  6.9633124245448185E-17
 -2.7205395396332688E-17
  1.1495559363921073E-17
 -6.0960423628139861E-18
  3.4365457316854221E-18
 -1.1577678006213615E-18
  8.4812197942701544E-19
 -7.5542460897587455E-19
 -1.1486798626514305E-19
 -2.8035082429238152E-19
  2.4558396331649176E-19
  2.4238524463007421E-20
  2.3372901988681042E-19
  7.7549956715821706E-19
 -1.5236755554480376E-18
  1.0677311173936735E-18
  2.6780528809385937E-19
 -7.1097501202153240E-19
 -7.8169403047031165E-19
  1.1359058634150332E-18
  2.6537490735314592E-19
 -1.1981831958119438E-18
  8.3878344974488301E-19
  6.3063614833169528E-19
 -2.3871584303883857E-19
  4.0721892813690932E-19
 -1.4885581490774681E-18
  1.5613456211324576E-18
 -1.6998800842862171E-18
  1.1981502315660416E-18
 -8.1110534925763868E-19
 -1.1692920723549682E-19
 -1.8050192721834368E-19
  8.4496925651135143E-19
 -2.7494136190634264E-20
 -1.0278493193314814E-18
 -3.8172037332322783E-22
  1.8744586560372739E-19
  1.1624544781639045E-19
  8.1942317758699494E-20
  4.2345135451566982E-20
 -6.2425945820141141E-19
  9.3545713728753732E-19
 -8.2492448758460530E-19
  5.9621369500039523E-19
 -4.9726718576059231E-19
  5.2537852751395971E-19
  1.0571909716624157E-19
 -4.9205334722639529E-19
  1.8140776503305974E-19
 -3.7194950353799130E-19
  9.2810703358475709E-19
 -1.2376132483991446E-18
  3.3492434645252562E-19
 -4.9491458702431243E-19
  1.4134042011810006E-18
 -9.1698402162410522E-19
  5.0414215628538998E-19
 -1.8639929182864201E-19
 -1.2499173556584122E-19
  3.0056193223079083E-19
 -4.6001385382337762E-19
  7.3685348910439924E-19
 -4.6408989999660684E-19
  6.5637330419532475E-19
 -3.2546835232277575E-19
 -3.3107677164791783E-20
  4.4388313791860121E-20
 -2.6109481861510364E-19
 -4.3868912984533105E-19
  2.7314442246656023E-19
  4.2581652238534241E-19
 -1.6358829713883916E-19
 -2.8048633780591194E-19
  2.2771811220769064E-19
  5.3539562828747650E-19
 -6.4730818728982650E-20
 -2.8911275796422487E-19
  3.7934864869153401E-19
 -7.9045367114029221E-19
  4.8009079360037058E-19
  6.3355508572110656E-20
 -3.7479873181465500E-19
  5.0521213747935059E-19
 -1.4145611289870266E-19
  1.0745132714205284E-19
 -2.3832577155946421E-19
 -2.3856237897901142E-19
  3.1429856132941012E-19
 -3.0672027714419367E-19
  5.5069101501189269E-19
 -4.5572352418637453E-19
  2.0464089882855235E-19
