                     128
                  0.3700
      0.0000000000000000
  1.4163576304396019E-01
  9.4338234162816795E-02
 -1.9110152972915385E-02
  4.8081590909821613E-03
 -1.3378605540396683E-03
  3.9580013007602978E-04
 -1.2193605994078428E-04
  3.8643840514870787E-05
 -1.2503948221516016E-05
  4.1105660528049246E-06
 -1.3683152465828109E-06
  4.6010985213885501E-07
 -1.5601303890368120E-07
  5.3272400832586295E-08
 -1.8299258757876092E-08
  6.3182426310466240E-09
 -2.1913005578172094E-09
  7.6298213227572603E-10
 -2.6658643577507909E-10
  9.3434926853200982E-11
 -3.2838967317391021E-11
  1.1570726607563628E-11
 -4.0862123196329516E-12
  1.4460480496742043E-12
 -5.1270604355417971E-13
  1.8209849250362508E-13
 -6.4780882427103703E-14
  2.3080209493403717E-14
 -8.2354735547886088E-15
  2.9420844060877760E-15
 -1.0524835085609505E-15
  3.7764417219854129E-16
 -1.3663803560891032E-16
  4.9044437682141037E-17
 -1.7645143797683181E-17
  5.8758062890279168E-18
 -2.8096566005229075E-18
  2.0736747643277027E-18
  2.1007972924141737E-18
 -3.5862098576289576E-18
  8.3123853830552443E-19
  3.6539106582894162E-19
  8.4357083143725312E-19
 -6.3209265813882620E-19
 -1.0257032423649227E-18
  2.4552031561187135E-18
 -2.6154927902178724E-18
  3.7617389373199505E-19
  8.7290343239133211E-19
 -3.0169039399150984E-19
 -1.0600925195823673E-18
  1.7764587021673905E-19
  4.9151184526952549E-19
 -2.1202378809675029E-19
 -1.8039761438342714E-19
 -4.7977415831328100E-19
  3.2418601827903382E-19
  7.7321991071086408E-19
 -3.3341921972610145E-19
  9.5123843520378307E-19
 -1.0359386038939841E-18
  3.4492626692429850E-19
 -9.6893488458766254E-19
  1.5791582729209356E-18
 -1.9478190279435122E-18
  7.9630189663846002E-19
  3.0133623057589816E-19
 -9.3654904786215089E-19
  6.6669083531299037E-19
 -2.3505399084545170E-19
  3.9992745482938791E-19
 -7.8604275757560920E-20
  1.8916715846943399E-19
 -3.7758570730369269E-19
  3.3772297863210163E-19
 -2.1106974852608944E-19
  5.9794860296220511E-19
 -4.1816435719207017E-19
 -1.7255156444503864E-19
  5.6874461555900993E-19
 -6.2272838845094162E-20
 -3.8947078755541417E-19
  2.7489317253921517E-19
 -3.4704444185302753E-19
  3.6359261359579999E-19
 -6.9208515909423119E-19
  6.5200577713583163E-19
 -4.3044698929937108E-19
  4.5800373513551658E-19
 -6.6525802400178361E-19
  7.6332249457916020E-19
 -3.2909653741196062E-19
  4.9316180995293209E-19
 -5.1660051692113301E-19
  4.4627740810020844E-19
 -1.8746371785316357E-19
 -4.6654389073891188E-19
  6.7615029076730866E-19
 -8.5206664154083074E-19
  9.2519002918491372E-19
 -9.4197948260394906E-19
  5.4962774607876058E-19
  1.1116524897884017E-19
 -5.1867611502639275E-19
  3.6972450021674269E-19
  3.2159382818981514E-19
  1.2866474537070161E-19
 -3.5646235151656059E-19
 -1.0153489013026258E-19
  3.8789570024618191E-20
  4.7204048567678643E-20
 -4.4546845514914397E-19
  1.2590174236188168E-19
  4.6561511526708286E-19
 -1.9671632553884748E-19
  3.9814136940828697E-19
  2.9369320369532597E-19
 -4.9064608020196318E-19
  5.3927838015233951E-19
 -5.7250606609365466E-19
  2.9688214931402411E-19
  1.5558306266785231E-19
 -2.9504819436104771E-19
  6.7994596029973584E-20
  1.8173731960965323E-19
 -6.8338024344188183E-20
 -1.5343410610030532E-19
  1.1606384441789116E-20
