                     128
                  0.3500
      0.0000000000000000
  1.2591344466776550E-01
  8.0026636484469726E-02
 -1.5239178144931345E-02
  3.6156261032243698E-03
 -9.5089045884588373E-04
  2.6610347492410965E-04
 -7.7558551553231545E-05
  2.3254180705612804E-05
 -7.1183806755788807E-06
  2.2138085613374070E-06
 -6.9714363826095346E-07
  2.2176360809491902E-07
 -7.1134198650649004E-08
  2.2977649907001814E-08
 -7.4665541785937554E-09
  2.4387340684287564E-09
 -8.0011036609706671E-10
  2.6353648726609888E-10
 -8.7104723907760949E-11
  2.8879471224658367E-11
 -9.6016301279715408E-12
  3.2002999853296885E-12
 -1.0691176319776106E-12
  3.5790051432467825E-13
 -1.2003851956366892E-13
  4.0328431617982086E-14
 -1.3568938930890947E-14
  4.5745582522297897E-15
 -1.5429401382637043E-15
  5.1906927264456281E-16
 -1.7618932372840432E-16
  6.0236103692106489E-17
 -1.8641316721901551E-17
  5.6011686560674710E-18
 -1.7170458541851211E-18
 -4.2799864935133217E-19
 -8.6461058209951030E-19
  1.8415096100553220E-18
  1.8537241972302361E-19
  2.6802398235246103E-19
 -1.6059950497307243E-18
  2.1710332406423534E-18
 -2.1776172540722883E-18
  1.8731856636410122E-18
 -1.6374813053527356E-18
  2.3796780430823561E-18
 -1.1513596750203024E-18
  7.1624445088929518E-20
 -3.1832193484509917E-19
  1.2245223858537773E-18
 -9.1834332786264637E-19
  1.6577370585214356E-18
 -2.3698657460620527E-18
  1.2758177905085926E-18
  7.2031002213297004E-19
 -8.1009820708114472E-19
  2.0071027017500226E-19
 -8.4208926479759613E-19
  9.8377037242400104E-19
 -5.1424352114239177E-19
  7.9422151040889685E-19
 -9.3610536683191140E-19
  4.9175838688330829E-19
 -5.6018922166709634E-19
  3.9536906243319909E-19
 -1.0436568803460591E-18
  1.1029668242566074E-18
  8.8222268949466389E-20
 -2.9581852034414080E-19
  2.0524743496653449E-19
  3.1522560497543718E-19
  1.0925998997955244E-19
 -1.0907198232139531E-18
  6.3093930149314476E-19
 -1.1830028193750035E-20
 -1.9281287112061503E-21
  5.2383971980003614E-19
 -2.7114899185843893E-19
  5.1196601770143444E-19
 -6.9380053562973148E-19
 -1.5817205278712973E-19
  4.6712816065058273E-19
 -1.0879926201470726E-18
  3.9512247021181326E-19
  7.9099722837010619E-19
 -1.1389082923532693E-18
  5.8559259195917596E-19
 -1.8965004339335511E-19
  9.1999455987232702E-19
 -1.2049666873917602E-18
  1.0978200020854812E-18
 -9.6316548805601332E-19
  8.7171411352654178E-19
 -9.3833328304821578E-19
  4.1143551757399811E-19
  2.5320936995890435E-19
 -9.1001340195888463E-19
  3.3465666889798972E-19
  1.0577852266192681E-19
 -3.6018581084292257E-19
  6.8093653437941227E-19
 -5.9336806631330003E-19
  5.9024278991011252E-19
 -7.2472734543323154E-19
  6.5715125079729915E-19
 -3.2939451867878241E-19
  3.5395780020664144E-19
 -1.7540310455945012E-19
  5.3814916620042287E-20
  1.8409569617575187E-19
  5.9850624767417571E-20
 -3.1212874957134113E-19
  2.4593896156442391E-19
 -7.1267211756072851E-19
  5.0023958759992648E-19
  9.8578335270687172E-20
 -1.9044679695619176E-19
 -1.2190446320145877E-19
  2.8854426994261088E-21
  1.0657461300596887E-19
 -3.1745166857243634E-19
  3.7189645574713927E-19
 -4.7927735668561783E-19
  1.9417253114520822E-19
  3.4883796572049855E-19
 -4.8064391843551443E-19
  1.3397897258560493E-19
 -1.2633064060620504E-19
