                     256
                  0.9700
                  0.7803
  1.0299490446343775E+01
  2.8846193255988734E+01
 -2.3532617691578692E+00
  6.1732891588699186E+00
 -1.0323316106989169E+00
  2.2941861593727371E+00
 -4.6434843287765665E-01
  9.8348883456952585E-01
 -2.1015566765082871E-01
  4.5130504198813137E-01
 -9.6909686236419101E-02
  2.1704026848445496E-01
 -4.6248846756486175E-02
  1.0843856319566035E-01
 -2.3040902145666675E-02
  5.5921901838757331E-02
 -1.1974456932890851E-02
  2.9580984031983566E-02
 -6.4434157682425686E-03
  1.5956487563495887E-02
 -3.5544409596914533E-03
  8.7339066449001693E-03
 -1.9920942285903301E-03
  4.8324740318727646E-03
 -1.1268103028995095E-03
  2.6955097142720239E-03
 -6.4059252090399132E-04
  1.5130158397673608E-03
 -3.6520593026475716E-04
  8.5368710346427664E-04
 -2.0860675719932328E-04
  4.8387350654862971E-04
 -1.1937195397365672E-04
  2.7541605403329727E-04
 -6.8449388974938029E-05
  1.5738923275441862E-04
 -3.9344067809393301E-05
  9.0283252648596640E-05
 -2.2674905874134572E-05
  5.1974773922556812E-05
 -1.3104267845035558E-05
  3.0020444340689484E-05
 -7.5936610250447837E-06
  1.7391909531836975E-05
 -4.4113547660364693E-06
  1.0102729799769569E-05
 -2.5683414378412802E-06
  5.8823014337341870E-06
 -1.4981824051642009E-06
  3.4319331752420772E-06
 -8.7537620025574124E-07
  2.0058419992777725E-06
 -5.1222379181928886E-07
  1.1741543879058350E-06
 -3.0013154687901095E-07
  6.8825505329653062E-07
 -1.7608999232188020E-07
  4.0393615340289040E-07
 -1.0345156103191184E-07
  2.3734096127219367E-07
 -6.0861093652115378E-08
  1.3960356873206427E-07
 -3.5856269060525358E-08
  8.2197207948952148E-08
 -2.1155689414033005E-08
  4.8442879286616603E-08
 -1.2500448052432311E-08
  2.8575369325789853E-08
 -7.3967808874083726E-09
  1.6870191638728086E-08
 -4.3827316357909561E-09
  9.9676453133901315E-09
 -2.6000708122848654E-09
  5.8937186063219662E-09
 -1.5442182894349919E-09
  3.4873296055056150E-09
 -9.1803084325945371E-10
  2.0648534265377761E-09
 -5.4622779026698502E-10
  1.2233973516708022E-09
 -3.2524089795987739E-10
  7.2530513591532021E-10
 -1.9377788474431621E-10
  4.3027346103004103E-10
 -1.1551290886194228E-10
  2.5540932789260272E-10
 -6.8889088064093932E-11
  1.5170376520417534E-10
 -4.1099506162797001E-11
  9.0161822038176163E-11
 -2.4528262036600461E-11
  5.3618417213792431E-11
 -1.4642756790825755E-11
  3.1905650512216174E-11
 -8.7435684187493382E-12
  1.8996692185163319E-11
 -5.2221543771004317E-12
  1.1317131310114816E-11
 -3.1195357855639400E-12
  6.7458079296463231E-12
 -1.8638041744116999E-12
  4.0230335072865194E-12
 -1.1136585259497953E-12
  2.4003232860311747E-12
 -6.6539384637353685E-13
  1.4326478315330785E-12
 -3.9742997568680602E-13
  8.5526634995305070E-13
 -2.3724126679958060E-13
  5.1059516293975514E-13
 -1.4147319969068189E-13
  3.0478291675357683E-13
 -8.4233459321607143E-14
  1.8186886472276465E-13
 -5.0044795191888732E-14
  1.0845341211206992E-13
 -2.9652343930161588E-14
  6.4627871521785264E-14
 -1.7512029265967843E-14
  3.8450066317724929E-14
 -1.0268589603635925E-14
  2.2794590311867185E-14
 -5.9276714780912304E-15
  1.3419522736917340E-14
 -3.3389056543406575E-15
  7.8478237482008701E-15
 -1.8304547133297869E-15
  4.5690678279238478E-15
 -1.0104117880428294E-15
  2.7021443009017853E-15
 -6.4154652262331590E-16
  1.7114830717878383E-15
 -5.0822524164495332E-16
  1.1648864278154999E-15
 -4.4525704915369750E-16
  8.4265157066592177E-16
 -3.9587448322867786E-16
  6.2159679342554621E-16
 -3.2812662078840394E-16
  4.5000724363967050E-16
 -2.4018346584395377E-16
  2.8330117375311952E-16
 -1.4041556203587012E-16
  1.1676898261163452E-16
 -7.6536063857921075E-18
 -6.4947107011896904E-17
  1.5709235411557710E-16
 -2.5153216916298981E-16
  3.4178587016193804E-16
 -4.2874841076908042E-16
  4.8426289381426404E-16
 -5.3195180470136504E-16
  5.4363057273184042E-16
 -5.5182117126334314E-16
  5.3915715789977596E-16
 -5.0278324211750863E-16
  4.5470080609075573E-16
 -3.9104739480917286E-16
  3.2614345826492857E-16
 -2.4651241873207323E-16
  1.7142293186108918E-16
 -8.1730927592500799E-17
  3.6092067498040379E-17
  2.6680156980598257E-17
 -5.7884309054602533E-17
  7.7071729834718514E-17
 -8.9337164849154430E-17
  1.0126295720930413E-16
 -9.5973884606021959E-17
  1.0908351034802800E-16
 -8.7050464171479083E-17
  1.1157848874039617E-16
 -1.0356436374714876E-16
  1.4709096944501955E-16
 -1.4728833205442826E-16
  2.0214233951390757E-16
 -2.1798525340401461E-16
  2.6551358794895893E-16
 -2.6179704918858410E-16
  3.0239504327100893E-16
 -2.6919000030007455E-16
  2.7923889091513868E-16
 -2.2282213985749085E-16
  2.1347507877978763E-16
 -1.3763948207119427E-16
  1.0778364771756118E-16
 -6.0501136614767054E-17
  7.2153128976728130E-17
 -6.5671654665267078E-17
  1.0341321645851083E-16
 -1.1040559281874283E-16
  1.4776221176192897E-16
 -1.4920084289647568E-16
  1.7693634990963967E-16
 -1.7272724713244288E-16
  1.9529512679770253E-16
 -2.0372094654941552E-16
  2.5550566698976652E-16
 -2.9310132986160306E-16
  3.4570509773899394E-16
 -3.8993068399754399E-16
  4.4035526783965583E-16
 -4.6278972984978335E-16
  4.8908303219155598E-16
 -5.0638724812154561E-16
  4.9999439108094342E-16
 -5.0614594442228086E-16
  5.0481494030428871E-16
 -5.0432515848122832E-16
  5.0505446689762973E-16
 -5.0753799125902667E-16
  5.0119270827787628E-16
 -4.9999647349621337E-16
  4.9491099166497920E-16
 -4.9436658812697512E-16
  4.9442110132231385E-16
 -4.8638238667582997E-16
  4.8212647680573510E-16
 -4.7325905560679023E-16
  4.5108555191987259E-16
 -4.4306189728080218E-16
  3.9687902049275884E-16
 -3.6403866594131660E-16
  3.2187818695463743E-16
 -2.7703484295433655E-16
  2.4911685838162633E-16
 -2.1177501796413558E-16
  2.0371046799222662E-16
 -1.8230802660438754E-16
  1.8665423369374898E-16
 -1.7860091150290771E-16
  1.9287669448857190E-16
 -1.9724366358544148E-16
  2.0130432525196030E-16
 -2.1660993000298882E-16
  2.1914558148667279E-16
 -2.3021705904848550E-16
  2.2839351028511155E-16
 -2.2511205341807558E-16
  2.2410251894936135E-16
 -2.1381490489266413E-16
  2.0561802097771506E-16
 -1.9197837184098024E-16
  1.5976361870713926E-16
 -1.2979236708230725E-16
  7.5131788936241664E-17
 -3.3058636479689247E-17
 -2.6366310689319194E-17
  6.9117921994994637E-17
 -1.0903866241065730E-16
  1.2027685359192596E-16
 -1.2915910687172381E-16
  9.9772179143734203E-17
 -7.7316581219637549E-17
  3.3151108675211885E-17
 -1.7442713776032389E-17
