                     128
                  0.0587
      0.0000000000000000
  3.4403333654546907E-03
  4.0220052817440744E-04
 -1.1835452776614671E-05
  4.6280447318731468E-07
 -2.0358853416455805E-08
  9.5529614155126637E-10
 -4.6692978536175968E-11
  2.3474661258452333E-12
 -1.2047338415940989E-13
  6.2793725748773499E-15
 -3.2989193507512916E-16
  1.6581393360999257E-17
 -3.6352984689854114E-18
  1.9660560481668849E-18
  1.3632059388989249E-18
 -1.3552234878173869E-18
  3.2840037666752227E-20
  9.6105434562521802E-19
 -1.2503482940690047E-18
  1.5450392879961058E-18
  1.2050554836297938E-18
  6.9256011075719194E-20
 -1.0716003260662541E-18
 -2.6716891056307815E-19
 -4.2771668584771339E-20
 -7.6183976516131130E-19
  1.8130864682340802E-19
  4.0260871097770278E-19
 -7.7959575271290645E-19
  7.2362698381489791E-19
 -1.5305707695733356E-18
  5.6634119762481540E-19
 -1.2105885609631008E-18
  3.0747164901987479E-19
  1.8214766347598040E-19
  1.4181376660733875E-19
 -1.3279689546283186E-19
 -1.3792250279893189E-18
  9.1127659681591709E-20
 -5.2479476959870488E-19
  1.6034282744860973E-19
  6.9597939657696975E-20
 -2.2945392622726170E-19
 -3.4241388390689893E-19
 -1.2476128062553785E-19
  6.0586795451457970E-19
 -3.2272643202290361E-19
  8.2322324968857404E-20
  6.0568033777988054E-19
 -6.9736607692961367E-19
  3.1535447464410142E-19
 -4.5387946079747021E-19
 -8.8805853797151562E-20
 -1.8601667563352329E-20
 -2.3497015555594163E-19
 -3.3409418479524177E-19
  1.2459556115316507E-19
 -2.6054205980203273E-19
  8.7805712089628019E-19
  5.9781163939211877E-19
  1.0909643240975978E-19
  4.9361853900923401E-19
 -4.0662384534694074E-19
  3.2966801588643638E-19
  7.6240374015863240E-20
 -2.3157073093982810E-19
  3.1388434291994033E-19
  3.1204518307791236E-19
  2.4888529701424590E-19
 -5.4578536182618373E-19
  2.7511567997963808E-19
 -2.2715870709986258E-19
  6.4910159161826014E-20
  9.5506794694364878E-20
  1.6466118057973360E-19
 -1.7865731811727602E-19
  1.7504135841258634E-19
  2.0955317159377007E-19
  1.9908306483334603E-19
 -1.8023861937360447E-19
  5.3487308132814719E-19
 -2.5356731744413764E-19
  1.9005383593941473E-19
  1.4856361142513198E-19
 -1.2836784427939667E-19
 -2.8314252034045933E-19
 -1.1433207139620510E-19
  5.0606464672872574E-20
 -1.1921820752049513E-20
 -9.2729828002048342E-20
 -1.4930593796028887E-19
  3.3547782374591090E-20
 -2.7678934516535541E-19
  1.6440510244572318E-19
 -1.1290826013772931E-19
 -8.9913152801967373E-20
 -3.8152555649430129E-21
  7.8155381009443835E-20
 -2.0690281962535363E-19
  2.7111379633970535E-20
  2.4603830259297468E-19
  2.0570183696457918E-19
 -9.5837170845873732E-20
  3.1191078507946829E-19
 -5.0262588759821228E-19
  2.6590376284300843E-19
 -2.5506715947653219E-19
  1.5877547486929302E-20
  1.6722703488971727E-19
 -3.7912020018247169E-19
  3.9179352106464191E-19
  7.5966327111608660E-20
 -1.2352114205807567E-19
  1.9728384081035697E-19
 -7.0740051957708292E-20
 -1.1940618990232040E-20
 -1.0991901637452369E-19
 -2.3646607027418085E-19
  5.6922614683146206E-20
  4.5647660832005593E-20
 -4.4472574564584092E-21
  4.2249544664353112E-19
 -1.4977892073654042E-19
  1.5304027750793979E-19
  1.2841474685421663E-19
 -2.2311663908979904E-20
 -7.9486760052577758E-20
 -3.1276544889155284E-20
