                     128
                  0.0105
      0.0000000000000000
  1.1032096840080350E-04
  2.3172302440723197E-06
 -1.2170715602385050E-08
  8.5222411992688163E-11
 -6.7134509410909217E-13
  5.6405994416883882E-15
 -5.2022131735550202E-17
  1.6079909647454905E-18
 -1.0167738704814291E-18
 -4.9393967165092054E-19
  4.8853052888716872E-19
  2.5102211491772187E-19
 -1.4607769450560766E-18
 -1.3994582025022363E-18
  5.8383458279555626E-19
  4.9446082499203009E-19
 -3.3515497868970681E-19
 -1.9341109973130381E-19
  3.9119475465208392E-19
  7.5873263993116239E-19
 -9.0587237300636643E-19
  2.4431672016434575E-19
  4.5316437087436193E-19
 -2.2955821744068527E-19
  1.3052687769675382E-18
  6.8712874235173989E-19
  5.8973237816030228E-19
 -4.3910957544233348E-19
  9.4038406840003978E-19
 -7.6944264611006488E-20
 -2.6244324534942824E-19
 -1.6597066120790465E-19
  3.3065168835850407E-19
 -5.9731064512548105E-19
  4.4548410144840370E-19
  5.1517819313755538E-19
  1.3511318212104782E-19
  4.9362193111273288E-19
  4.2835304517914526E-19
  3.5812150177610578E-20
  2.2702481348937409E-19
 -1.2072356749896624E-19
 -4.2840598472621649E-19
  6.2666479804175747E-19
 -2.6018301044559921E-19
  2.9601954740638898E-20
  2.6758159584291352E-19
  3.1221513804054257E-19
 -4.0150094188933577E-19
 -7.1087002084636025E-20
  3.3687812447146666E-19
  1.8075242217847519E-19
 -5.4729437916995825E-19
  7.8740341034714389E-20
  9.4154968525123655E-20
 -7.1867231389337499E-19
  3.7949582892836164E-20
  1.4847825470610522E-19
  4.2252930589572998E-19
 -2.7940347067550607E-19
 -3.3337258705685773E-19
 -1.4939598438537560E-19
 -1.6644103442861317E-19
 -2.1403628269931564E-19
 -1.3205558190030518E-19
  3.4355489757275105E-19
 -1.6360236076865006E-19
  6.9652550344274360E-21
 -2.9382879064361197E-19
 -1.3089091587903898E-19
  5.3917617299405391E-20
 -5.9959949192426779E-20
 -2.2620842260531567E-19
  2.3007833212186946E-19
  1.9126951320662819E-19
 -4.2325779486526015E-20
 -1.2232529471040383E-19
  1.4392073544925705E-19
 -2.9561119108834753E-19
 -1.9812740395861181E-19
  1.5564260516974007E-19
 -2.1537015369511873E-19
 -1.2406824665335766E-20
 -8.6485726890485706E-20
  5.2223086173259761E-20
  2.5087320260293019E-19
 -1.9928887314296414E-19
 -6.6838633901592095E-20
  1.2935319098447495E-19
  1.1009885357620489E-19
 -1.4807751627922938E-19
 -1.3736841200596631E-19
  1.4629680406990314E-19
  1.9566330911954596E-19
 -7.2367139908016189E-20
 -2.6205298086578062E-20
 -1.2834321934508603E-19
 -1.4916467032858546E-19
  2.1190462470223949E-19
 -1.0012462948598228E-19
  2.4089170130103840E-19
  1.8850325419765613E-19
  1.1842519106398133E-19
 -1.6546218770258129E-20
 -5.6511380272086473E-20
  7.9374932220011436E-20
  4.5986142360343853E-20
 -1.2396642251347411E-19
  3.3774276736676182E-19
 -5.3538213214100811E-20
 -8.4720036296158817E-20
  2.0505816513768423E-19
 -3.8825095965762310E-19
 -2.2293596378764405E-20
 -5.0130295016319719E-20
 -5.0120212019286971E-20
  8.9262397966349915E-20
 -8.7990330267417747E-20
 -9.4958020620007004E-20
 -1.1015149833945664E-20
 -7.6253535998186121E-20
 -1.8343375756361339E-19
  1.8555411994909569E-19
  6.0068973762087794E-20
 -1.2777204261366124E-19
  1.4623068715792100E-19
  7.1765703042481365E-20
 -4.8202177872244716E-20
