                     128
                  0.4800
      0.0000000000000000
  2.5245655135426404E-01
  2.0802251912627009E-01
 -5.6277312768317808E-02
  1.8756193116840486E-02
 -6.8298704903594553E-03
  2.6268338750881685E-03
 -1.0495580438304652E-03
  4.3114076628089030E-04
 -1.8081927975838278E-04
  7.7056349460887124E-05
 -3.3254824097954371E-05
  1.4498897009859343E-05
 -6.3748986691115770E-06
  2.8228017937071069E-06
 -1.2574731208552555E-06
  5.6307463243150806E-07
 -2.5327386414133759E-07
  1.1437563810320283E-07
 -5.1832013293785891E-08
  2.3562362181068234E-08
 -1.0741281712967610E-08
  4.9089744225791807E-09
 -2.2486421857778727E-09
  1.0321815966996378E-09
 -4.7470156010084794E-10
  2.1869866127307737E-10
 -1.0091893236073087E-10
  4.6638776761345183E-11
 -2.1583527262192788E-11
  1.0001295610627800E-11
 -4.6399212416869594E-12
  2.1550199107539568E-12
 -1.0019528863319241E-12
  4.6630668707570397E-13
 -2.1721863791298060E-13
  1.0127399315522950E-13
 -4.7255494518707173E-14
  2.2067196012262752E-14
 -1.0314274537137914E-14
  4.8253144281723271E-15
 -2.2585524938442986E-15
  1.0589958994132326E-15
 -4.9697195262786786E-16
  2.3306539613746628E-16
 -1.0848396679134006E-16
  4.9442132633547304E-17
 -2.2820415939086386E-17
  1.1167223825656182E-17
 -5.2936596329443968E-18
  2.1845684086058557E-18
  4.5468589286593048E-19
 -2.0123121130868396E-18
  6.0620966871135362E-19
 -4.7022620768326398E-19
  1.1850278883284064E-18
 -7.5382707740521997E-19
 -6.8596707605947438E-19
 -1.6694242200952247E-19
  1.9426732786931761E-18
 -2.2253073946531233E-18
  1.6600161320447714E-18
  1.9584588315454877E-19
 -9.2700998508214367E-19
  9.1944418185443893E-19
 -9.6501109357408324E-19
  4.9557168703597880E-19
 -2.1487295529035611E-19
  2.7119581712747571E-19
  2.4873409914030933E-19
 -9.5023686505723072E-19
  7.2512396072631806E-19
 -4.4646928611416633E-19
  3.2208906821816145E-19
 -8.0182091244788214E-19
  8.9126810798784999E-19
  2.2605607819633287E-20
 -1.2190869482908989E-18
  1.5016591710400317E-18
 -8.4552690653570608E-19
  9.0405804627535855E-19
 -4.5571257011405979E-19
  4.7558179271260105E-22
 -5.7043959625808545E-19
  2.7236378362538027E-19
  2.4817073306876793E-19
 -1.5410408948171697E-19
 -8.3067965514166227E-19
  1.7540563525018720E-18
 -1.6586911574101954E-18
  1.0146270879285430E-18
 -5.7100872870205272E-19
  8.6883720209923480E-19
 -1.2775663128947315E-18
  1.1840952528170136E-18
 -7.1950503143797924E-19
  4.1130753776428948E-19
 -9.5992723451134627E-19
  1.2765861583121921E-18
 -1.0885604770512321E-18
  9.9842581886617263E-19
 -1.3842227872101100E-19
 -4.0303059297156125E-19
 -3.6312318106258760E-19
  1.5235895225495863E-18
 -1.4390279674758600E-18
  6.1518942558060404E-19
 -1.0747510455179888E-19
 -1.3883069646660575E-19
  6.6258356474420150E-19
 -1.3261964232442583E-18
  1.2627438825893817E-18
 -8.5102591406101878E-19
  7.6290220173775180E-19
 -3.9062117675630219E-19
  1.1937055374842237E-19
  6.3044554607213433E-19
 -1.4571562259311834E-18
  1.5888192797392715E-18
 -1.4808604337357704E-18
  8.5259475040223023E-19
 -9.9097093431942665E-19
  1.6733682405615342E-18
 -9.6551067256767895E-19
  2.6993730619933741E-19
  3.4766509967222566E-19
 -5.4145590615431303E-19
  2.2542026482318319E-19
 -3.9967987497670526E-20
