                     256
                  0.9750
                  0.7977
  1.2400617477903092E+01
  3.5742218878789991E+01
 -2.8487576553443676E+00
  7.9577276453337511E+00
 -1.3200664662968549E+00
  3.0963980964021913E+00
 -6.3122728190168609E-01
  1.3938090524451652E+00
 -3.0348152532859923E-01
  6.7113720607018135E-01
 -1.4776026713990476E-01
  3.3784415412376839E-01
 -7.3860840839245101E-02
  1.7626718313686762E-01
 -3.8301440685647212E-02
  9.4805330939895779E-02
 -2.0664425261738981E-02
  5.2296453935026056E-02
 -1.1549492570976230E-02
  2.9434912003448197E-02
 -6.6310611387872852E-03
  1.6825435978212930E-02
 -3.8760041174474794E-03
  9.7296725245333785E-03
 -2.2896721925094485E-03
  5.6752699969815227E-03
 -1.3601027313353206E-03
  3.3323148206969681E-03
 -8.1008608517035461E-04
  1.9670068357066756E-03
 -4.8317305601164122E-04
  1.1663344009857294E-03
 -2.8853176205111754E-04
  6.9438619744089595E-04
 -1.7256904750054101E-04
  4.1497569589425194E-04
 -1.0343461135133680E-04
  2.4888637049234414E-04
 -6.2165117850823351E-05
  1.4977844737484652E-04
 -3.7477819698487113E-05
  9.0420059438087852E-05
 -2.2668119529128146E-05
  5.4742790233209136E-05
 -1.3754312646071563E-05
  3.3227872598756990E-05
 -8.3702475588789914E-06
  2.0214137439146791E-05
 -5.1069949697106914E-06
  1.2321268534266242E-05
 -3.1229297296213528E-06
  7.5229592664890879E-06
 -1.9133130564268003E-06
  4.6000320185021634E-06
 -1.1741527863111046E-06
  2.8164342249992984E-06
 -7.2160647490994641E-07
  1.7264479432444474E-06
 -4.4408563990105990E-07
  1.0594692009232605E-06
 -2.7365183331183624E-07
  6.5085286163705802E-07
 -1.6884200048894786E-07
  4.0024288521652288E-07
 -1.0430335675749749E-07
  2.4637758803420044E-07
 -6.4510350492185963E-08
  1.5181215422200007E-07
 -3.9942955568591623E-08
  9.3633043968090631E-08
 -2.4756298443758820E-08
  5.7803765302121605E-08
 -1.5357219920221564E-08
  3.5716784153850709E-08
 -9.5337536563091559E-09
  2.2088236135439666E-08
 -5.9222180572849251E-09
  1.3671140394299854E-08
 -3.6806551415697715E-09
  8.4681047950496702E-09
 -2.2884797439290236E-09
  5.2491510786691376E-09
 -1.4233861595561984E-09
  3.2561022210366024E-09
 -8.8559738798394917E-10
  2.0211518363514731E-09
 -5.5116591154324021E-10
  1.2553894460570349E-09
 -3.4313385172490362E-10
  7.8023192589776579E-10
 -2.1369195319831259E-10
  4.8520112208310286E-10
 -1.3312724966023832E-10
  3.0189740438622964E-10
 -8.2968100534796113E-11
  1.8794156200061388E-10
 -5.1728604105200114E-11
  1.1705723782740430E-10
 -3.2265137477484825E-11
  7.2940938964867922E-11
 -2.0133687724890487E-11
  4.5470369718777959E-11
 -1.2569068324520989E-11
  2.8356821304660827E-11
 -7.8501641773607986E-12
  1.7690919649512566E-11
 -4.9052207389609569E-12
  1.1040780250352965E-11
 -3.0665076927309762E-12
  6.8928421622816877E-12
 -1.9179349360656310E-12
  4.3047119412916615E-12
 -1.2001419187734487E-12
  2.6892469565774437E-12
 -7.5130986431496147E-13
  1.6805002099606283E-12
 -4.7049263551993354E-13
  1.0504427807111578E-12
 -2.9477693839623326E-13
  6.5690176209308607E-13
 -1.8489246212760488E-13
  4.1104163360672013E-13
 -1.1612686383461865E-13
  2.5739777637134961E-13
 -7.3056602801435184E-14
  1.6131144321862672E-13
 -4.5997081175937573E-14
  1.0107075615657823E-13
 -2.8890608664414842E-14
  6.3309905754018959E-14
 -1.8120696782993790E-14
  3.9666729742249025E-14
 -1.1385410866323989E-14
  2.4897291773476769E-14
 -7.2140335926533774E-15
  1.5698931320108243E-14
 -4.6217397072314194E-15
  9.8940861011537632E-15
 -2.8924635262693650E-15
  6.1097932900394269E-15
 -1.6696980699925159E-15
  3.6488652273383389E-15
 -8.5744457948863921E-16
  2.0969596532247807E-15
 -3.7206594596174001E-16
  1.1287968195142846E-15
 -6.1082106383360155E-17
  4.8631127130038827E-16
  1.7897880021596898E-16
 -6.5800502690969999E-18
  4.3570196913650600E-16
 -3.6630393424237127E-16
  5.8445444630780432E-16
 -5.3533249764678138E-16
  5.7933505176612533E-16
 -4.8914770694288147E-16
  4.0078979004243942E-16
 -2.8851256639163520E-16
  1.5489865522930462E-16
 -6.1158360295339678E-17
 -5.0775172276594298E-17
  1.2744113033694221E-16
 -1.7150445720550179E-16
  2.0618385169886812E-16
 -2.2566483496939000E-16
  2.3971749249471008E-16
 -2.4036380507861347E-16
  2.4391585911783310E-16
 -2.0913852001004841E-16
  2.0164841056768923E-16
 -1.4326916853641087E-16
  1.1003539027037796E-16
 -6.5771590138004391E-17
  8.6615520616723662E-17
 -9.8908506072572202E-17
  1.7944926699155380E-16
 -2.3204251445223738E-16
  3.4324675979165611E-16
 -4.1374793266667497E-16
  5.1144159547922708E-16
 -5.4412696556418906E-16
  5.9187806554453640E-16
 -5.8680095698984396E-16
  5.9089943369874465E-16
 -5.4864037737014699E-16
  5.1901889588352274E-16
 -4.6270259343667306E-16
  4.1377158324909376E-16
 -3.3887995587249101E-16
  2.6229053844485768E-16
 -1.7322240957826827E-16
  8.2443109181978663E-17
  1.7362208416495848E-17
 -1.3366183170561867E-16
  2.1854206429126453E-16
 -3.1713620094473209E-16
  3.7571469774510942E-16
 -4.3929446215833125E-16
  4.4850294961613688E-16
 -4.5053559995230973E-16
  4.1283117333416098E-16
 -3.9069396497116587E-16
  3.3748677575226395E-16
 -2.9165191159330020E-16
  2.2143418213121134E-16
 -1.6252541315927691E-16
  1.0903071500002359E-16
 -6.0265863953642677E-17
  2.6653814808387325E-17
 -9.8578326364967245E-18
  2.8560865066156834E-17
 -4.6426317368935347E-17
  8.4938933341656322E-17
 -1.1142705578002629E-16
  1.4277810179623285E-16
 -1.6001286102737107E-16
  1.7215464394631087E-16
 -1.6343803990829007E-16
  1.3528389745166234E-16
 -1.0126085124270189E-16
  3.0227631484502273E-17
  4.0618832229812473E-17
 -1.1792314067945063E-16
  1.8275106165704120E-16
 -2.3113757356237973E-16
  2.3693708394119744E-16
 -2.4585693422723272E-16
  2.0267921314922966E-16
 -1.5907576435832029E-16
  1.0626554508825898E-16
 -5.7335616251597307E-17
  1.7878267906702069E-17
  2.7249779039231890E-17
 -4.8459356898341773E-17
  6.8007452093849352E-17
 -8.4523141066755493E-17
  9.6607641436820381E-17
 -1.0587786892534213E-16
  1.2629486935131281E-16
 -1.3413026203283652E-16
  1.2017381352030349E-16
 -1.0740933657665832E-16
  5.2526444092137547E-17
 -8.2449309322097945E-18
 -9.2112936089261106E-17
  1.4796887567103533E-16
 -2.4327089648330901E-16
  2.9714103685066965E-16
 -3.5740577941308255E-16
  3.7472864404118175E-16
 -3.4711721016645322E-16
  3.0474209546577973E-16
 -2.2347324463474504E-16
  1.5620150240940633E-16
 -7.5312498349051428E-17
  2.8067494308286718E-17
