                     128
                  0.3400
      0.0000000000000000
  1.1847741293947868E-01
  7.3466500206947727E-02
 -1.3546744701064485E-02
  3.1176888640023276E-03
 -7.9624367652202154E-04
  2.1646095172423352E-04
 -6.1291065632340240E-05
  1.7852753857234223E-05
 -5.3090543806020869E-06
  1.6039978250672441E-06
 -4.9069398550192633E-07
  1.5163563274376479E-07
 -4.7250917951013819E-08
  1.4827123226885318E-08
 -4.6804749263828549E-09
  1.4850862902834149E-09
 -4.7331902493380836E-10
  1.5144712629379120E-10
 -4.8627023077464125E-11
  1.5661754278856939E-11
 -5.0583701446510245E-12
  1.6378315863362399E-12
 -5.3151743011932889E-13
  1.7285204680680787E-13
 -5.6318311694634791E-14
  1.8379938492795275E-14
 -6.0094973850030860E-15
  1.9689230617177989E-15
 -6.4641755806913564E-16
  2.1207749136366112E-16
 -6.7057848719849642E-17
  1.9847456359360835E-17
 -5.1054503302530058E-18
 -6.5224600917033774E-19
  4.6787782982102268E-20
  1.4226043285187809E-18
 -7.0460906931592885E-19
  9.0934597196144070E-19
 -1.1690460575101786E-18
  7.0562634385696492E-19
  1.2015825664867938E-19
 -4.2887256650833211E-19
  6.8517495034270179E-19
 -4.3468562850680120E-19
 -1.7996946934784133E-19
  1.1028501430472825E-18
  5.7673087900695323E-19
 -5.0465615979535791E-20
 -1.3708945823920062E-18
  6.1028581434073772E-19
  3.6963046809192321E-19
 -3.2756750260088415E-19
 -6.4245394757754996E-19
  7.4876130596640951E-19
 -6.2510622738938166E-19
  7.8555138275183705E-19
 -2.8510268323935283E-19
  1.0115808765023182E-18
 -1.7153255431459671E-18
 -9.3973684836282193E-21
  1.2884155320210071E-18
 -1.3797256708945630E-18
  6.1566081428032973E-19
 -8.2672101849018091E-19
  2.2390075250866275E-19
  1.0044131667113999E-19
 -4.7939050266390464E-19
  7.5746160760806236E-19
 -7.9671273674000016E-19
  9.7794168657814687E-19
 -8.9859939107979104E-19
  5.9711646084757017E-19
 -4.3138980304892514E-19
  5.4032517788691256E-19
 -5.3013067450999033E-19
  2.9088494408902380E-19
  2.0661715443919596E-19
 -4.3346903949021139E-20
 -2.9438577387012742E-19
  5.1467846835559873E-19
 -1.0872101698131788E-19
 -1.9007676448729970E-19
 -4.0756631745668335E-19
  6.2019816036620087E-19
  1.1106815268348014E-19
 -4.2612523228900902E-19
  1.3597775243744083E-19
 -2.3570935208395583E-19
  2.6203119587111288E-19
 -1.1795023098547305E-19
  6.6392496249764733E-20
 -4.7948614676209949E-19
  6.8753660594535433E-19
 -1.9546072534072877E-19
 -3.3967169033318765E-20
 -4.0128900920564807E-19
 -1.4595947456811628E-19
 -8.5599776844658238E-20
  4.4924091573921139E-19
 -4.0417456463244075E-20
 -2.5160753098731221E-19
  3.4631909369597363E-19
 -2.0930030569262432E-19
 -4.3974889630677770E-19
  3.7448470612997369E-19
 -9.6093776339064822E-20
  2.9201752522721024E-19
 -5.4997691106258579E-19
  8.3064984679552927E-20
  1.9079855894050630E-19
  1.4762612147492282E-19
 -2.7731926177513038E-19
  7.3475684075938600E-19
 -5.8953862014606291E-19
  4.9363558119723546E-19
 -3.6219912012956230E-19
  4.7054633669786544E-19
 -2.6312683601106610E-19
  2.1098922978392617E-19
 -2.2524929110680654E-19
  2.1404111804668086E-19
  1.3409062172240208E-19
 -5.2347049314067118E-19
  6.8250535442269483E-20
  1.3419244368395761E-19
 -2.8715428353044288E-19
  2.4929115283522691E-19
 -7.9686330725146647E-20
