                     256
                  0.9550
                  0.7365
  6.7880564581968246E+00
  1.7659273200531327E+01
 -1.5000314126065095E+00
  3.3998979849662621E+00
 -5.6887345761228636E-01
  1.1179429882298382E+00
 -2.1859660716430890E-01
  4.2217166151831725E-01
 -8.5358833552269212E-02
  1.7149966543944001E-01
 -3.4674330768393727E-02
  7.3516421968588361E-02
 -1.4840607393219150E-02
  3.2876362846641562E-02
 -6.6822218725698960E-03
  1.5189054845104142E-02
 -3.1343414837880670E-03
  7.1905294672474675E-03
 -1.5136977928419594E-03
  3.4656385169465963E-03
 -7.4520764378175730E-04
  1.6925446417971363E-03
 -3.7134954945907615E-04
  8.3479663588079415E-04
 -1.8647625798329053E-04
  4.1487633745020732E-04
 -9.4130242286763591E-05
  2.0744569161680176E-04
 -4.7709491152975367E-05
  1.0426056780086344E-04
 -2.4271357002282664E-05
  5.2637799591824234E-05
 -1.2393712370802289E-05
  2.6684455635140387E-05
 -6.3528362239517501E-06
  1.3579047016534810E-05
 -3.2688375872414616E-06
  6.9345346480054385E-06
 -1.6881200691551085E-06
  3.5529929316263042E-06
 -8.7467025365918206E-07
  1.8259646020328466E-06
 -4.5446977043914575E-07
  9.4103151664903375E-07
 -2.3667197559924699E-07
  4.8621327465248227E-07
 -1.2346292843204332E-07
  2.5180549877047705E-07
 -6.4486978840987395E-08
  1.3068770303570889E-07
 -3.3713059968338548E-08
  6.7961342208967586E-08
 -1.7636508402272775E-08
  3.5406570055149881E-08
 -9.2312836013173210E-09
  1.8477613602256460E-08
 -4.8342908044516608E-09
  9.6582737259657312E-09
 -2.5330121466602703E-09
  5.0559186800567636E-09
 -1.3280104880641661E-09
  2.6503615531979076E-09
 -6.9671220189274490E-10
  1.3911483774619052E-09
 -3.6577587386923473E-10
  7.3108004568213285E-10
 -1.9217571076162864E-10
  3.8462789709203627E-10
 -1.0104284110111325E-10
  2.0256487926598251E-10
 -5.3165479940631985E-11
  1.0678262352734745E-10
 -2.7993657821557568E-11
  5.6340188048165830E-11
 -1.4749694456753045E-11
  2.9750074878951299E-11
 -7.7766159665861564E-12
  1.5721165530152733E-11
 -4.1027963884558837E-12
  8.3135126952375514E-12
 -2.1659776657481168E-12
  4.3990837518754899E-12
 -1.1442247882569293E-12
  2.3291634097353686E-12
 -6.0493930540992352E-13
  1.2339820469423270E-12
 -3.2014170525439949E-13
  6.5415259375386719E-13
 -1.6957695607543420E-13
  3.4689145351296293E-13
 -8.9811693019107047E-14
  1.8393239275847911E-13
 -4.7508278188190782E-14
  9.7485768617550585E-14
 -2.5089209620983341E-14
  5.1619317809307216E-14
 -1.3209757928881844E-14
  2.7279045243467110E-14
 -6.9006974053293896E-15
  1.4376614149938816E-14
 -3.5926243014736336E-15
  7.5910520549306384E-15
 -1.9175366976621099E-15
  4.0670487808598875E-15
 -1.0719953817173152E-15
  2.2165143117864077E-15
 -6.4360200562907060E-16
  1.2667771439765835E-15
 -4.4273621827821973E-16
  7.9869623796737980E-16
 -3.7934049188303763E-16
  5.7368445699631228E-16
 -3.5223391960563837E-16
  4.3928904986903229E-16
 -3.1465453302131791E-16
  3.4420561136661600E-16
 -2.5770259937633318E-16
  2.5572501191161954E-16
 -2.0824733338695016E-16
  2.1096669596566010E-16
 -1.8044106770274991E-16
  1.6084960545497337E-16
 -1.1023220075339837E-16
  7.7562708223451150E-17
 -1.5162424205354301E-17
 -4.1709727877607098E-17
  9.3961540079956238E-17
 -1.2960799461499443E-16
  1.5360577966816218E-16
 -1.4636365662091925E-16
  1.4085114273078165E-16
 -1.2431665026846034E-16
  1.1453239770264983E-16
 -1.1318297549967661E-16
  1.0765736215771234E-16
 -1.1184667264451951E-16
  1.0568693919215965E-16
 -9.8461511576399286E-17
  7.9918715379900088E-17
 -6.4814972401308944E-17
  3.7298845574420773E-17
 -2.2647447207795726E-17
  6.5999036196193768E-18
  1.5467972667840810E-17
 -5.1210715625426365E-17
  9.9168215450781726E-17
 -1.3844469666027902E-16
  1.6789250332065811E-16
 -1.8588066266980295E-16
  2.0332619216129536E-16
 -2.0453368855734542E-16
  2.1271994917455985E-16
 -2.1131446445942652E-16
  2.1350509976099628E-16
 -2.2050583554043299E-16
  2.1620839511190052E-16
 -2.1489608935327806E-16
  1.9397269376914201E-16
 -1.8042802227254105E-16
  1.5067123783043849E-16
 -1.1823362876162287E-16
  8.2741316021059561E-17
 -4.6475868204326833E-17
  9.1393319561905158E-18
  1.9238670941246967E-17
 -5.0315957804599605E-17
  8.1832260590538663E-17
 -1.0625806415759789E-16
  1.2843599481173120E-16
 -1.3140720886966010E-16
  1.3490495319727477E-16
 -1.2896256649509902E-16
  1.2094013468589373E-16
 -1.0870173446892215E-16
  9.8872573681380328E-17
 -9.1362047575169122E-17
  9.9022501289290769E-17
 -1.0961105199359225E-16
  1.2695599378124659E-16
 -1.3835415976618750E-16
  1.5344031358722597E-16
 -1.5536343895062515E-16
  1.6031722775642436E-16
 -1.5740599128916035E-16
  1.4634378490539340E-16
 -1.4565671694409382E-16
  1.3345761061677259E-16
 -1.3264116225183647E-16
  1.2628826312085098E-16
 -1.2994678306156142E-16
  1.2496517601069936E-16
 -1.3324795987177931E-16
  1.2824870305913140E-16
 -1.2862496832419490E-16
  1.1089955309815162E-16
 -9.3272786895134197E-17
  6.7084473238573309E-17
 -4.6522007108771655E-17
  2.0039311768251236E-17
  1.5422514985492773E-18
 -2.6417119212286016E-17
  3.9835670841418320E-17
 -4.8896750865897262E-17
  5.3449782239220470E-17
 -5.3782684106740595E-17
  4.4989535394351100E-17
 -3.1715850043873857E-17
  1.5136989168591047E-17
  2.4369358205858336E-18
 -1.5271599272881979E-17
  3.6572277723159782E-17
 -5.0371038819110215E-17
  5.2286534457163225E-17
 -5.2666070849894814E-17
  4.1331189540126343E-17
 -2.8259525066560085E-17
  9.7064722392993791E-18
  6.4040027235635722E-18
 -2.1615835806585259E-17
  3.2988409593062673E-17
 -3.5297912068236325E-17
  3.4012842996088329E-17
 -3.2534534482734776E-17
  2.7864165892293500E-17
 -1.5968763217278426E-17
  4.5082999792476235E-18
  1.7130123438534576E-17
 -3.1960097477342251E-17
  5.8390963839684608E-17
 -6.7339399374798567E-17
  7.3800242506009596E-17
 -6.3811954306067363E-17
  5.8131763934379299E-17
 -4.6397727279186026E-17
  3.8982451010386313E-17
 -3.1021241929333480E-17
  3.8161378317505578E-17
 -4.3856210113287671E-17
  5.2825623841743980E-17
 -5.3537871516489883E-17
  5.8588151947622640E-17
 -5.1229007733953726E-17
  4.1049450742904072E-17
 -2.5047870441950968E-17
  9.9543318463988001E-18
  1.0995439018008641E-17
 -2.1694060150908355E-17
  3.2614361514317441E-17
 -3.1240412783682316E-17
  2.9039469407150275E-17
 -2.5468975035031027E-17
  2.3437194310213099E-17
 -1.7734400918610325E-17
  1.6511747545345619E-17
 -7.2405149880643971E-18
  1.5253695506876896E-18
