                     256
                  0.9900
                  0.8676
  3.1244392035279027E+01
  1.0070263537775992E+02
 -6.8842064192045580E+00
  2.5942168794227570E+01
 -3.8963696134364287E+00
  1.1945438180736204E+01
 -2.3443191470150695E+00
  6.4609300764010156E+00
 -1.4326657704328400E+00
  3.7569007206775469E+00
 -8.7949474426789265E-01
  2.2760738134051315E+00
 -5.4216848038362608E-01
  1.4180808678870311E+00
 -3.3697424437409246E-01
  9.0333109863577588E-01
 -2.1233001730491080E-01
  5.8661416550607126E-01
 -1.3631828366496385E-01
  3.8757347863122299E-01
 -8.9443707952762116E-02
  2.6003184114547190E-01
 -5.9999778395259613E-02
  1.7679540323227591E-01
 -4.1058190666979695E-02
  1.2154445536897029E-01
 -2.8550969765676108E-02
  8.4311464020200871E-02
 -2.0085907618643567E-02
  5.8896090559230049E-02
 -1.4237852008892259E-02
  4.1365551714251325E-02
 -1.0136596463628517E-02
  2.9174984273202649E-02
 -7.2325983463185405E-03
  2.0645539773412262E-02
 -5.1656460802809298E-03
  1.4650262700715091E-02
 -3.6913644784245503E-03
  1.0421562549882513E-02
 -2.6394704043289029E-03
  7.4306286886711174E-03
 -1.8892382589276694E-03
  5.3100991503195125E-03
 -1.3543286580935249E-03
  3.8032938555045098E-03
 -9.7285119731756436E-04
  2.7301797792538365E-03
 -7.0051420324145932E-04
  1.9641610011138693E-03
 -5.0573165793090001E-04
  1.4160515753229544E-03
 -3.6606367820482777E-04
  1.0229172465871452E-03
 -2.6561553458216231E-04
  7.4027048114992753E-04
 -1.9314545416705865E-04
  5.3659914911317452E-04
 -1.4070035748183526E-04
  3.8952842419699718E-04
 -1.0264240264163914E-04
  2.8312810998236746E-04
 -7.4961077271702562E-05
  2.0602320743997790E-04
 -5.4790740312021215E-05
  1.5006712834863130E-04
 -4.0073799735823274E-05
  1.0940855390045268E-04
 -2.9325839825959726E-05
  7.9833545131762708E-05
 -2.1471477547614200E-05
  5.8300218761188337E-05
 -1.5729059138883638E-05
  4.2608381767305529E-05
 -1.1529080217731044E-05
  3.1164037255237403E-05
 -8.4559933624584992E-06
  2.2810850380612221E-05
 -6.2063651079140707E-06
  1.6709095255906128E-05
 -4.5585803956787199E-06
  1.2248434286918287E-05
 -3.3507927526117527E-06
  8.9849167545310284E-06
 -2.4648221640977150E-06
  6.5953858164978307E-06
 -1.8143777164362967E-06
  4.8444398564817054E-06
 -1.3364420363060455E-06
  3.5604698694226037E-06
 -9.8497372731474853E-07
  2.6182691328602871E-06
 -7.2631007488882127E-07
  1.9264067989983259E-06
 -5.3581549249895566E-07
  1.4180563561427847E-06
 -3.9544076749319481E-07
  1.0443301900429178E-06
 -2.9194659785833931E-07
  7.6943229040838679E-07
 -2.1561054553869144E-07
  5.6713028990719803E-07
 -1.5928520794073591E-07
  4.1818526185060904E-07
 -1.1771136188098810E-07
  3.0847724982959073E-07
 -8.7016240483225507E-08
  2.2763664323314999E-07
 -6.4346372240521476E-08
  1.6804374957428919E-07
 -4.7598400525447958E-08
  1.2409671295252067E-07
 -3.5221406578963535E-08
  9.1675266930911342E-08
 -2.6071538004773780E-08
  6.7747591404424858E-08
 -1.9304990597542764E-08
  5.0081872703131443E-08
 -1.4299168901811184E-08
  3.7034550979202098E-08
 -1.0594582951976963E-08
  2.7394787450458239E-08
 -7.8520192420177734E-09
  2.0270176708605425E-08
 -5.8209712782248811E-09
  1.5002734826581333E-08
 -4.3163698647146870E-09
  1.1107120886625974E-08
 -3.2014315086386544E-09
  8.2251921431966496E-09
 -2.3750162209237131E-09
  6.0925620509562313E-09
 -1.7623068146664583E-09
  4.5139801873418621E-09
 -1.3079346643307485E-09
  3.3451996212816121E-09
 -9.7090857275607248E-10
  2.4796164569906480E-09
 -7.2087078328709982E-10
  1.8384201009306468E-09
 -5.3533151174834927E-10
  1.3633290795339846E-09
 -3.9762544171526504E-10
  1.0112307196158165E-09
 -2.9540009978322539E-10
  7.5022445068021904E-10
 -2.1949805834673893E-10
  5.5670012840376673E-10
 -1.6312955631055119E-10
  4.1317904770092027E-10
 -1.2125918003836099E-10
  3.0671843149363438E-10
 -9.0151848670827826E-11
  2.2773181534011440E-10
 -6.7036195614754042E-11
  1.6911687463803555E-10
 -4.9855664342523628E-11
  1.2561066390825912E-10
 -3.7083800044937058E-11
  9.3312335366477804E-11
 -2.7587615800224136E-11
  6.9330144846016071E-11
 -2.0525889911079627E-11
  5.1519784321243157E-11
 -1.5273710729378094E-11
  3.8290604748367546E-11
 -1.1366811090737124E-11
  2.8462595702688160E-11
 -8.4601764216444029E-12
  2.1160192900401379E-11
 -6.2974850775038636E-12
  1.5733380313081771E-11
 -4.6879386408220784E-12
  1.1699732185062732E-11
 -3.4899383559561813E-12
  8.7012369103918066E-12
 -2.5982328828364946E-12
  6.4719575682938307E-12
 -1.9344423795720390E-12
  4.8143334893515535E-12
 -1.4402258167845708E-12
  3.5815508665295687E-12
 -1.0722321317092423E-12
  2.6646536194871026E-12
 -7.9829620042070542E-13
  1.9826747659529100E-12
 -5.9436792481478367E-13
  1.4753511608275559E-12
 -4.4255348493341821E-13
  1.0979657313149557E-12
 -3.2956728533075038E-13
  8.1719884420917241E-13
 -2.4548319238765499E-13
  6.0829947302231439E-13
 -1.8281086886409930E-13
  4.5277148744269618E-13
 -1.3604991266823090E-13
  3.3688615244771047E-13
 -1.0108940492333968E-13
  2.5048508946439984E-13
 -7.4866608462482674E-14
  1.8605855731981660E-13
 -5.5342615431176506E-14
  1.3817510515281633E-13
 -4.0943402078104153E-14
  1.0268805520719481E-13
 -3.0388897069999503E-14
  7.6379899651761649E-14
 -2.2566934845618944E-14
  5.6750709591732980E-14
 -1.6691354617517703E-14
  4.2069931485909891E-14
 -1.2291492035049515E-14
  3.1090549921224077E-14
 -8.9474482594412808E-15
  2.2917604506392765E-14
 -6.4655887818693917E-15
  1.6833515285093742E-14
 -4.5641544690074377E-15
  1.2194718237765113E-14
 -3.0812233633940900E-15
  8.6550892362331309E-15
 -1.9106130421504068E-15
  5.9971656442263022E-15
 -1.0652968781258039E-15
  4.0289700977407430E-15
 -4.9840612617303395E-16
  2.6234198704950283E-15
 -9.5021923962793208E-17
  1.6087219014144378E-15
  2.0587037320718620E-16
  8.4153918753964934E-16
  4.5227991041851028E-16
  2.6012190616043508E-16
  6.6150377877735879E-16
 -1.6446757654544483E-16
  7.6576869383822103E-16
 -4.0574317172148499E-16
  7.4968070512879639E-16
 -4.5742655783110804E-16
  6.5826984146560020E-16
 -4.5783856466012492E-16
  6.4447750452923900E-16
 -5.8414161698821965E-16
  8.1956962952829105E-16
 -8.1142902258980642E-16
  1.0055218028613779E-15
 -9.5128194063206553E-16
  1.0426435959169091E-15
 -8.4801677479254764E-16
  8.4356140881237650E-16
 -5.4798357866576447E-16
  4.7018640646527847E-16
 -1.5721084450384955E-16
  1.4571083507562349E-16
  1.0503991881386437E-16
