                      32
                  0.0180
      0.0000000000000000
  3.2400006800791664E-04
  1.1660226574003054E-05
 -1.0497600921032350E-07
  1.2597123386653661E-09
 -1.7006113209963894E-11
  2.4488436569984536E-13
 -3.6768260091394184E-15
  4.9322015698167761E-17
 -5.5854180741295520E-19
  3.1651236448433501E-19
 -6.1772201685051001E-19
  2.4701816528966150E-18
 -2.8900855778915760E-18
  4.9476492657486496E-19
 -3.2963545956487661E-19
  5.2586555534048985E-19
 -1.0787150981329227E-18
  1.4906708919687538E-18
 -1.7131445430708405E-18
  9.9262173092619919E-19
  3.8231189490782221E-18
 -1.6112990679378459E-18
  2.4636591257665397E-18
 -1.6456953795045146E-18
 -3.9128701526022723E-19
 -1.4072415190176388E-19
  3.4709284326706444E-22
 -6.1868204200174455E-19
  1.3817147588206065E-18
 -6.0940030316931349E-19
  9.6944282273926588E-19
 -5.9549376591246942E-19
