                     128
                  0.0200
      0.0000000000000000
  4.0000012796162119E-04
  1.5993611936179450E-05
 -1.6000002136285841E-07
  2.1333342180325045E-09
 -3.2000012765171380E-11
  5.1199630118891231E-13
 -8.5276538869882384E-15
  1.4330869000393942E-16
 -1.8795647094314508E-18
 -7.2505062496990651E-19
  6.2167154095706923E-19
 -4.9526139714926841E-19
  1.2640988669758227E-18
 -9.1146358851121106E-19
 -1.2605252897873911E-18
  7.3321213681993409E-19
 -1.1603035943357223E-18
  8.9011577367047115E-19
 -5.6189439230863278E-20
 -6.0692908026486841E-19
 -2.8011770835768946E-19
  3.4010110502838574E-19
 -8.2365754430712630E-19
 -9.0505311691495733E-19
  1.0140856573403492E-18
 -9.5998183262772400E-19
 -7.5277798997516024E-19
  7.3974323907762987E-19
 -2.5096448283309127E-19
  1.2100590002555513E-18
 -5.2168566505029682E-19
  4.9235407074360047E-19
 -2.2636197088914251E-19
  3.3530707006852920E-19
  3.0211444479457603E-19
  5.5852842334327730E-19
 -1.6493410347163421E-19
  9.3872412012248557E-19
 -9.2718194433252491E-20
  3.9964940265229544E-19
  1.1817237555014334E-19
  4.7320614599007761E-19
 -7.5086283299189657E-19
  5.0706515252133578E-19
  3.3065329490666036E-19
  4.3386459776283899E-19
 -2.9848776786811724E-19
  1.3894617930204632E-19
 -4.7519487172036315E-19
 -1.5947158736674279E-19
  3.6078210951525468E-19
 -5.0418293991699878E-19
 -3.4647331886766874E-19
  5.6859639277572945E-19
  1.9293331636476609E-19
 -5.3863234186523769E-19
  1.0937179497943015E-19
  1.1343169808814331E-20
  2.0203748494073184E-19
 -6.6319398989343986E-19
  5.7840851818405856E-19
 -1.0848966756188052E-20
  4.7115590558436941E-20
 -3.1909299899125081E-19
 -1.6093444042204664E-20
  8.4383282843429922E-20
 -7.5362624052422868E-20
  2.4753542125625620E-19
  2.8632470779871440E-19
 -2.9907324090761017E-19
  8.7841830270291845E-20
 -1.3451412220351524E-20
  2.9222508771606909E-19
 -3.1391515754231015E-19
  2.3710523942733819E-19
 -2.3178323533292083E-19
  6.2023410990037049E-20
 -9.3342924689546179E-20
 -1.8097043388374088E-19
  4.5760557736226325E-19
 -2.5605298228390292E-19
  2.7797885888534221E-19
  1.7628019352644125E-19
 -1.8844594998030107E-19
 -1.9362284710134324E-19
  1.7656731170582298E-20
  1.9094414664669921E-19
 -1.7593324559386713E-19
 -2.7646082801129302E-19
 -1.2019268273313559E-19
 -6.8961154661596136E-21
  2.5250416960583857E-20
  2.0144620110826233E-20
 -1.1095591649501774E-19
  1.0529900216318086E-19
 -1.9840607122888850E-20
 -1.2373043676636864E-19
  2.7974589427735762E-19
 -2.5359584790648644E-19
 -4.0132080922652951E-20
  6.7797704376962498E-20
 -8.1651201366100788E-20
  8.3713534256606491E-20
 -3.3513852522068602E-20
  6.3601398919926682E-20
 -1.7643403090214099E-19
  9.4776286310793203E-20
  1.0123227607378683E-19
 -1.9144404396061039E-19
  1.4869333962596261E-19
  1.3659692583223574E-19
  3.7467816186993964E-20
 -2.7504348854305332E-20
 -8.8729694384315328E-20
  1.6043355621668227E-19
 -1.2601850951357919E-19
  1.0658726863131382E-19
 -6.3621311680542304E-20
 -2.2758276567565954E-20
 -5.0200253230933747E-20
 -1.0538241687650317E-21
  1.3211667067873676E-19
 -3.7485183893337121E-19
 -1.0498840046889984E-19
  1.3137312007394951E-19
  1.2108999410456129E-20
 -1.1164834369439887E-19
 -1.8353620273252560E-20
