                     256
                  0.8800
      0.5966208142255492
  2.3566425614326350E+00
  4.7612959633206033E+00
 -4.0136287764436412E-01
  6.0735388141369562E-01
 -8.7494910634836484E-02
  1.2646945414309502E-01
 -2.0023591917180478E-02
  3.0900576588005858E-02
 -5.1092541054385500E-03
  8.3092733653769516E-03
 -1.4152857137215650E-03
  2.3706618159254848E-03
 -4.1352457549137343E-04
  7.0344899520463947E-04
 -1.2529724337989601E-04
  2.1463134902329744E-04
 -3.8968872253006860E-05
  6.6856811132980808E-05
 -1.2356037797149088E-05
  2.1159017618826799E-05
 -3.9749909668631762E-06
  6.7804531386575735E-06
 -1.2929185187646043E-06
  2.1945863761420197E-06
 -4.2411311355137977E-07
  7.1610113045063877E-07
 -1.4004794788510809E-07
  2.3524609849906260E-07
 -4.6494238870060798E-08
  7.7721885418893943E-08
 -1.5504702854939821E-08
  2.5804288480730508E-08
 -5.1904568517375091E-09
  8.6040271253667798E-09
 -1.7435833314481807E-09
  2.8798052744725532E-09
 -5.8754682593676832E-10
  9.6717703069963326E-10
 -1.9856417893828188E-10
  3.2582787198311100E-10
 -6.7286446575081667E-11
  1.1007468330140557E-10
 -2.2857934186169481E-11
  3.7281658069371354E-11
 -7.7829592152619542E-12
  1.2656518763983294E-11
 -2.6556170068165125E-12
  4.3058209114192595E-12
 -9.0786785742518184E-13
  1.4677346257328744E-12
 -3.1094039094128921E-13
  5.0123315268463344E-13
 -1.0668818109079056E-13
  1.7146945220582168E-13
 -3.6677040897305567E-14
  5.8760477298093613E-14
 -1.2645546595410266E-14
  2.0177569868891909E-14
 -4.3777258678737108E-15
  6.9467371436117605E-15
 -1.5216282588419734E-15
  2.3916609319276401E-15
 -5.1281042456796057E-16
  8.0050870635491939E-16
 -1.5066002333773911E-16
  2.5235201829378407E-16
 -3.3565019492998233E-17
  8.1311243420954623E-17
 -1.7272760092715880E-17
  3.9065009980518326E-17
 -2.3525872774055216E-17
  3.4060918243404226E-17
 -2.9030279102020569E-17
  2.2518155036806438E-17
 -9.4155570849978062E-18
 -6.0352845445600682E-19
  6.6498990232085729E-18
 -3.8249905350731411E-18
  4.0155258441142700E-18
 -3.3966679808092082E-18
  5.2687126245325719E-18
 -4.3343310143377230E-18
  6.2370212514165631E-19
  1.0654862230810095E-17
 -1.6992123870767634E-17
  2.2367309631950835E-17
 -2.8545547507206809E-17
  3.4975169745515750E-17
 -3.6543600833454803E-17
  3.2456296372489024E-17
 -2.1974638055783408E-17
  7.0594103796723466E-18
  4.2999213338738151E-18
 -1.0308322416891633E-17
  8.9035002199699226E-18
 -8.7178459529508155E-18
  1.8802634592997886E-19
  1.3893075275470777E-19
  1.1559070940526700E-19
 -1.2621770297051057E-19
  4.4488326059499407E-18
  4.3919627167266208E-19
  3.2169366995513405E-18
  5.8645599760172941E-19
  1.0055940243779368E-18
  1.6184674926103424E-18
 -2.7565863362266067E-19
 -3.4330834366784439E-18
  7.2334600240794325E-18
 -1.2342383515696595E-17
  1.8031761941467340E-17
 -2.3133375611018693E-17
  2.5242235092857609E-17
 -2.4310372846811069E-17
  2.0005330730744046E-17
 -1.5391486052417626E-17
  1.0986320769812510E-17
 -8.4326492839464785E-18
  7.9099502624861061E-18
 -1.0625525290076192E-17
  1.3211482435923164E-17
 -1.2217700658677764E-17
  1.2443117979519259E-17
 -1.0302532630183861E-17
  1.8454067662052258E-17
 -2.2757869398810066E-17
  2.9824117535156623E-17
 -2.6244978671516702E-17
  2.3589085955762697E-17
 -1.7978664967492686E-17
  9.9741520371644768E-18
 -6.0107580749714778E-18
 -3.0793667847010433E-19
  5.8096288796912255E-18
 -8.3604886813197512E-18
  5.5173240850456510E-18
 -1.9729022787552486E-19
 -2.8045185230069590E-18
  8.2632449335626758E-18
 -8.2798951876613961E-18
  6.4785596503395837E-18
 -2.7142287324573412E-18
 -1.5046421204962068E-18
  5.5100996679127491E-18
 -8.2089101513707821E-18
  1.2410138188982782E-17
 -1.4940129400384506E-17
  1.6656742368449423E-17
 -1.7028810756244118E-17
  1.3509771718781956E-17
 -9.4027277353960337E-18
  5.3874812326819412E-18
 -4.4793411075533056E-18
  1.8441838931248067E-18
 -1.3423667533660303E-19
 -3.1602804457704084E-18
  7.3093322016383415E-18
 -1.2982364084888939E-17
  1.3573937779811044E-17
 -1.3788472361920761E-17
  1.1420018389607100E-17
 -8.7483716664572465E-18
  7.8058998379910391E-18
 -6.0438731429025959E-18
  4.9695966063689532E-18
 -6.2326726858025871E-18
  3.2811914403910398E-18
 -1.0092737821979067E-18
 -3.1047779704685781E-18
  6.2523126202509284E-18
 -9.8257434232868727E-18
  1.1535533694593479E-17
 -1.0821402671051130E-17
  1.0779036160859273E-17
 -6.3642501268550126E-18
  4.2026127427081248E-18
 -9.4471262058710504E-20
  6.5738524841642485E-20
 -6.2543435424656077E-19
  2.6976475772358202E-18
 -1.3518460585994447E-18
  3.1470750900093812E-18
 -1.5257470199640759E-18
  3.2200576095973649E-18
 -1.2320008812660620E-18
  9.5551959890520992E-20
  4.6712011202527574E-18
 -6.2853809988987946E-18
  6.2665302996818412E-18
 -2.8212466236000263E-18
  2.2118258609734414E-19
  1.2419590712268437E-18
 -2.6304664663609174E-20
  3.5483901715867539E-18
 -6.0841719332110616E-18
  1.0401658206823022E-17
 -1.3766106863751483E-17
  1.5761210571890960E-17
 -1.7586827876337528E-17
  1.6384034788599749E-17
 -1.5797230836020093E-17
  9.8964538239242852E-18
 -4.4826705471038721E-18
 -1.3068258611719098E-18
 -3.0145602519541247E-19
  6.1792266303837705E-19
 -1.9952157649433875E-18
  3.1901653220814786E-18
 -1.7151857408882580E-18
 -4.0666940747555789E-19
  2.8839685086888963E-18
 -6.1396949333930055E-18
  7.5043644196005995E-18
 -1.0845601107007506E-17
  1.2486596484958035E-17
 -1.0972348934452537E-17
  8.2561375592327363E-18
 -4.1967466717552227E-18
  5.4543766706994873E-19
  2.6525753209277114E-18
 -4.1619694190549927E-18
  2.6329977412802128E-18
 -1.4466365445952129E-18
  6.5662692545861517E-20
  9.5084260105545454E-19
 -5.3824811298601565E-19
 -2.8072933495828554E-18
  5.3924361829815625E-18
 -6.2147510272283549E-18
  5.5915057564554535E-18
 -3.9669967235445945E-18
  3.0419648933790163E-18
 -2.5449985141286744E-18
  1.9238360183128981E-18
  2.1830201775153489E-18
 -4.3226623501472074E-18
  6.9222796113761109E-18
 -6.2076103537268898E-18
  8.1920250132324570E-18
 -7.6668978947157792E-18
  9.9418130327655368E-18
 -1.1076589245823337E-17
  1.0997708321439964E-17
 -9.6294358335985542E-18
  8.2376458022604622E-18
 -5.2992450084289424E-18
  2.5582188667192526E-18
 -1.8835302727607779E-18
  3.7300779204169353E-18
 -5.8063180085286959E-18
  1.1623397148592377E-17
 -1.3358765712163204E-17
  1.4218675618427502E-17
 -1.1628730180887648E-17
  6.4768998543540846E-18
 -9.4640037245488496E-19
