                      32
                  0.0100
      0.0000000000000000
  1.0000000199984734E-04
  1.9998000932977513E-06
 -1.0000000079382232E-08
  6.6666668714269596E-11
 -5.0000324586059661E-13
  4.0060164725528148E-15
 -4.2189540210266620E-17
  4.6277006190825343E-18
  5.0145895908727372E-18
 -5.3891810125761860E-18
  2.2371097922851833E-18
 -1.7843917171535831E-18
 -1.2200633461738796E-19
 -3.9579635650634696E-18
  2.8769939759810729E-18
 -6.8767593306100564E-19
 -1.3805582563881888E-18
  1.6816828025099815E-18
 -1.2997496870388627E-18
  2.2518874823441804E-18
 -4.9472845510607332E-19
 -4.2552508303919536E-19
 -6.9207613110308697E-19
  1.1761561923533150E-18
 -5.7929152094770000E-19
  1.7571079750467087E-18
 -3.9363838976275676E-20
  1.8277542553756245E-18
 -1.6531028816267242E-18
 -1.3397760421238324E-19
  9.6701159529042580E-19
 -6.0796967169098386E-19
