                      32
                  0.0430
      0.0000000000000000
  1.8490126252444265E-03
  1.5872250983195991E-04
 -3.4188107967469056E-06
  9.8006486217312642E-08
 -3.1607077945365404E-09
  1.0872832540875106E-10
 -3.8961001499794522E-12
  1.4359778828298458E-13
 -5.4023754290417415E-15
  2.0039859034244259E-16
 -4.7070681028920034E-18
  4.6987509408322343E-18
 -5.9693358178137530E-18
  1.8561150976350533E-18
 -2.5649369506303041E-18
 -4.7780891858681833E-20
  2.2944596302510355E-18
 -3.8885373431624581E-18
  2.3390591810282975E-18
 -4.8950916583482534E-18
 -1.6433565144789750E-18
  3.0683065895776645E-18
  5.8689824695639303E-19
 -1.4338156457968927E-18
  1.7366813529870238E-18
 -4.5440730255403088E-19
 -2.2349375282840910E-18
  1.5274047124917490E-20
  8.0601398392241597E-19
 -5.3523065595930087E-19
 -1.0600143352848904E-18
  1.2711184412151480E-19
