                     128
                  0.4920
      0.0000000000000000
  2.6760253488938668E-01
  2.2488010248434842E-01
 -6.2512906267659735E-02
  2.1407605504712938E-02
 -8.0015426418630891E-03
  3.1560779115886277E-03
 -1.2926395226292870E-03
  5.4421612041484426E-04
 -2.3391585389353743E-04
  1.0216140299995028E-04
 -4.5185853949628582E-05
  2.0191026742241841E-05
 -9.0986627362180485E-06
  4.1292362754515208E-06
 -1.8852828482601319E-06
  8.6523677409647640E-07
 -3.9888971662948320E-07
  1.8462534904618767E-07
 -8.5753686362993098E-08
  3.9955063120978890E-08
 -1.8668462002255173E-08
  8.7446746281213999E-09
 -4.1055805694704303E-09
  1.9315789255666093E-09
 -9.1049973036306957E-10
  4.2994085679171250E-10
 -2.0334767749459010E-10
  9.6320380950741295E-11
 -4.5687599265390795E-11
  2.1698881777504717E-11
 -1.0318039486417288E-11
  4.9118331207723694E-12
 -2.3407005019965214E-12
  1.1165444482330335E-12
 -5.3309960763772401E-13
  2.5475283577400235E-13
 -1.2183836135709810E-13
  5.8314818385567162E-14
 -2.7931374310788543E-14
  1.3388586899472216E-14
 -6.4228611328865937E-15
  3.0825288733373366E-15
 -1.4783832532160567E-15
  7.0935845537294616E-16
 -3.3991429938490819E-16
  1.6362399086555170E-16
 -7.8952251431054383E-17
  3.7215433862429627E-17
 -1.7179608307044660E-17
  7.2189317324424974E-18
 -1.9972985404498183E-18
  3.8506211680907424E-19
 -7.5918564727929834E-19
 -6.2045821319084272E-19
  2.0694583953423771E-18
 -2.0252391254882461E-18
  1.0470862640215396E-18
 -3.3108450926909548E-19
  9.0932151867626397E-19
 -1.5820581069243273E-18
  4.9551433369269432E-19
  3.9172436429576230E-19
 -1.9232431514287557E-19
  4.6969771862195744E-20
  6.4100381420408541E-20
 -5.5263258167572366E-19
  1.6674882855178580E-19
  4.0841539120139183E-19
 -8.1516450462531663E-19
  2.9013579407968595E-19
  4.9253681545135245E-19
 -1.2638140722733456E-18
  1.3525814242998496E-18
 -5.5122547144326901E-20
 -4.0735833060840991E-19
  1.0728341664710995E-19
  5.7861867054407654E-19
 -1.7664457267451872E-18
  2.0508808977696707E-18
 -6.6138939169682133E-19
 -6.0264534039735563E-19
  2.3367757101077921E-19
 -2.9521228404155900E-19
  4.9443377902500941E-19
 -9.7128499056014161E-19
  1.3928989115371849E-18
 -5.7330999262399752E-19
  5.6425333135533605E-19
 -1.1524877272818618E-18
  8.3416861987549992E-19
 -1.2990811597974269E-19
 -4.3829903422264027E-19
 -2.3154124610537713E-21
  8.9070996781005846E-19
 -9.7476731450700165E-19
  1.5407472903768319E-18
 -1.5196619476974536E-18
  1.1820651917686831E-18
 -1.3738526324268767E-18
  1.5710531089852096E-18
 -1.0808701826142922E-18
  8.7387164089093272E-19
 -6.8448842835192045E-19
  7.9698124216611960E-19
 -1.2758559638565608E-18
  9.2003938650521617E-19
  4.3048302041911695E-20
 -4.9455321674841675E-19
 -1.4372537235438828E-19
  2.3545339941103788E-19
 -9.4556495416410102E-20
 -2.4781900714726229E-21
  6.3842457477752265E-19
 -7.3915548676712452E-19
  8.3984776308971397E-19
 -6.2744058235113171E-19
  3.3788152211361976E-20
  3.1218664724007850E-19
 -1.0971456389345989E-18
  8.0065725208864057E-19
 -2.2371994144573304E-19
 -1.1374684495369971E-19
  3.5209739646726215E-19
 -4.4911854392073821E-19
  6.7892225539187394E-19
 -1.4112990668353081E-19
 -5.1239934612923251E-20
 -4.4972098517262022E-20
