                     256
                  0.8300
      0.5328151919332847
  1.5613715694354975E+00
  2.7836830353016855E+00
 -2.2009127879361234E-01
  2.8078373453991695E-01
 -3.5354042815658904E-02
  4.5952498348660845E-02
 -6.4294581495249565E-03
  9.0265436292924616E-03
 -1.3427303312740510E-03
  1.9504355522440458E-03
 -3.0168013171028073E-04
  4.4583321849856459E-04
 -7.0931567076217068E-05
  1.0577329836705869E-04
 -1.7209950545480090E-05
  2.5770036944459176E-05
 -4.2730984350518708E-06
  6.4047903798029483E-06
 -1.0798232370411384E-06
  1.6166252458366690E-06
 -2.7665622404891520E-07
  4.1310382924725409E-07
 -7.1660410498249727E-08
  1.0662258177822121E-07
 -1.8725841938004101E-08
  2.7747274065257316E-08
 -4.9284984373228132E-09
  7.2708954101488799E-09
 -1.3048165744711280E-09
  1.9164376529574028E-09
 -3.4715320744619842E-10
  5.0766721099139504E-10
 -9.2747464590260174E-11
  1.3506801202305512E-10
 -2.4867912614155074E-11
  3.6072997924532703E-11
 -6.6886344818309739E-12
  9.6667190371920777E-12
 -1.8040233433310752E-12
  2.5982636586953149E-12
 -4.8775973990328874E-13
  7.0024565762414287E-13
 -1.3216549188412207E-13
  1.8919944339131085E-13
 -3.5904141524329877E-14
  5.1238387756954812E-14
 -9.7621611791817996E-15
  1.3890160085135047E-14
 -2.6486307710066552E-15
  3.7664282483625246E-15
 -7.1402522583063825E-16
  1.0077905124992905E-15
 -1.7998658789484144E-16
  2.6400296289075230E-16
 -4.5182789487318322E-17
  7.5402525087912130E-17
 -1.8238273685908069E-17
  2.3376447338147953E-17
 -2.8875734411108484E-19
 -2.1211333591871286E-18
  9.2229773208900671E-18
 -1.0436037523955504E-17
  1.3535802837381799E-17
 -1.0876145064010369E-17
  6.1625532096180523E-18
 -6.0282195041684124E-18
  1.9786945748846888E-18
  1.4358814572740195E-18
 -9.2409841797276288E-18
  9.0586223361540317E-18
 -4.8739727107316283E-18
  1.5334637836653725E-18
 -3.2021878809993567E-18
  4.0333496132870054E-18
 -6.1532909964767631E-18
  1.4782103130675456E-18
  5.1107249116615087E-18
 -4.2307228562762327E-18
  1.7581595891748822E-18
  2.3130147371405134E-18
  7.2802139314125364E-19
 -6.6298993617458755E-18
  1.1988845568569589E-17
 -1.5300647145524909E-17
  1.6743388589070735E-17
 -1.4611596311828410E-17
  1.3220634191050604E-17
 -1.4013779911490357E-17
  1.2200631414459045E-17
 -1.0078871119090242E-17
  9.4495948536725455E-18
 -7.7110881603036960E-18
  3.0266237376743855E-18
  1.9350206306136026E-18
 -5.8761434022090399E-18
  7.5495060705975859E-18
 -5.9027871412017364E-18
  5.5710072262038480E-18
 -6.5861952433795103E-18
  6.8750970750418184E-18
 -6.6255942829761713E-18
  4.1306799550695162E-18
 -6.7375620775968695E-18
  4.3283660315502158E-18
 -2.0325644234159079E-18
  2.5085787117478526E-19
  5.1903649972831695E-19
 -3.9006718161110042E-18
  3.3897817667146066E-18
 -2.6425345226914589E-18
  1.7236588708731452E-18
  2.7089802930441834E-19
  7.9093720154405277E-19
 -8.3947341972720638E-19
  2.9934274174834517E-18
 -6.0428370894266230E-18
  6.4385103878086091E-18
 -5.3375329945381940E-18
  1.2706951268029470E-18
  3.9215190265156229E-18
 -6.8479559986316537E-18
  7.9197767843153448E-18
 -9.6701528782678348E-18
  1.3023481421741708E-17
 -1.6457312731465663E-17
  1.5380298099990720E-17
 -1.0264388601489670E-17
  4.8290171598159321E-18
 -2.6483472319043737E-18
  2.1743366764972490E-18
 -6.5581659569556966E-19
 -1.9893084040272419E-18
  6.1040628393380328E-18
 -8.3942883049556175E-18
  1.1079466546670169E-17
 -9.1720203207667935E-18
  6.4340803182829051E-18
 -3.4441346177317175E-18
  2.5457172650347566E-18
 -7.3475150469927592E-19
 -1.4478813293969453E-18
  1.5040273181876177E-18
  6.9804629770307358E-19
 -1.2256490372498893E-18
  3.2077086031956120E-18
 -2.7979028469159727E-18
  2.4885747047393394E-18
 -4.2091548099039656E-18
  6.0854178407240055E-18
 -6.0943677294480045E-18
  3.8426787204733411E-18
 -1.1935549258709572E-18
  1.7330922816700500E-18
 -1.0682843711948832E-18
  8.7346812266254098E-19
  9.4941726883097357E-20
 -7.6270866825860197E-19
 -2.7974419137454117E-19
 -2.5414899437720363E-19
  4.8678598157651167E-19
 -1.1789590788262303E-18
  2.8541945678993880E-18
 -3.7524302433506564E-18
  5.4291092395958171E-18
 -5.7926205472313044E-18
  8.3232069713557427E-18
 -1.0292853727087910E-17
  1.0475549011328235E-17
 -1.1173151194380711E-17
  8.1733326593318297E-18
 -5.1162559559135101E-18
  2.7091208384156250E-18
 -2.7165299248599589E-18
  5.6356242356909017E-18
 -7.1458818402463939E-18
  6.3590026151891514E-18
 -5.2172216122742352E-18
  3.9882024758350577E-18
 -3.4612107819631974E-18
  3.2045690470761185E-18
 -3.6874240459353967E-18
  2.5041013135281214E-18
 -1.6980713740761966E-18
  5.9095070260652752E-19
  6.6447496240237598E-19
 -2.2829332908953971E-18
  1.2999225948456693E-18
 -3.2835057712180929E-19
 -5.9449836673248890E-19
 -4.5606698097855228E-20
  1.9876832021159481E-18
 -2.1411882140448853E-18
  2.4171069819826254E-18
 -3.1309226817972918E-18
  3.5315122068768961E-18
 -3.3348377091424526E-18
  2.3274443704933907E-18
 -1.5234660793301648E-18
  1.2994603251957827E-18
 -1.2301316020851044E-18
  1.1066384322511021E-18
 -7.9721678188349616E-19
  1.1443373151900251E-18
 -1.7882164457798908E-18
  2.1677506706525236E-18
 -1.8227712744215068E-18
  1.4694616078756141E-18
  6.3847467245343585E-19
 -6.9962307753117055E-19
  6.9032984064869255E-19
 -1.7846558740813326E-19
  2.8416579916623794E-19
 -1.1718502049613270E-18
  1.4260481256679423E-18
  2.8081512891501191E-19
 -1.0543565556027155E-18
 -5.6485263491700405E-19
  2.1431499911937370E-18
 -3.6429569808278111E-18
  2.8968704673105911E-18
 -1.7449805814939397E-18
  6.3618724372074769E-19
 -4.9987173507970267E-21
  5.1104172020395021E-19
 -1.3606305111401497E-18
  6.0713903453965580E-19
 -1.4724036724735292E-18
  2.0695935000072618E-18
 -1.0713590316373736E-18
  6.6030236066997829E-19
 -4.1953123950789200E-20
 -5.7104142725560574E-19
  1.6638844213699705E-18
 -1.2126072385142323E-18
  8.8358005220033954E-19
  1.2309291372239813E-18
 -1.3019764679220515E-18
  2.5206544891016288E-18
 -3.5478161698211520E-18
  3.7668054023249547E-18
 -4.2512934336931463E-18
  5.7944994660399753E-18
 -6.7373948991899228E-18
  5.3286040749213194E-18
 -4.6894068251508958E-18
  2.8555052734496524E-18
 -2.0875619594795676E-18
  1.7470331135338257E-18
 -2.9377543387286255E-18
  3.0580835121975240E-18
 -2.2592947735252927E-18
  5.7545074960579893E-19
  7.1544301729833516E-19
 -1.7541438033524792E-18
  1.4628148690577541E-18
 -6.3873504763620198E-20
