                     128
                  0.3396
      0.0000000000000000
  1.1819620097280212E-01
  7.3221202311736858E-02
 -1.3484523149907975E-02
  3.0996794056880055E-03
 -7.9073696206448179E-04
  2.1472026111582344E-04
 -6.0729388923448339E-05
  1.7669129117528369E-05
 -5.2484988074927566E-06
  1.5839065533657780E-06
 -4.8399876813686096E-07
  1.4939719646181204E-07
 -4.6500650192714231E-08
  1.4575156224497424E-08
 -4.5957220125180387E-09
  1.4565419332167974E-09
 -4.6369532162169297E-10
  1.4819966659137160E-10
 -4.7530383165162298E-11
  1.5291195510058327E-11
 -4.9330915630065318E-12
  1.5954641102490617E-12
 -5.1718228007189026E-13
  1.6799465317823320E-13
 -5.4674456036836480E-14
  1.7825355970558239E-14
 -5.8222899580734449E-15
  1.9054295794807828E-15
 -6.2312027599213015E-16
  2.0481067454511706E-16
 -6.8805994275749696E-17
  2.4066461433299145E-17
 -7.6177295352575459E-18
  3.2748298136507444E-19
  3.4263305155460747E-19
 -1.7756242058110282E-19
  1.3366599094302424E-18
 -2.0456521467420938E-18
  9.1724266266050832E-19
 -4.7726605487511610E-19
  1.1031519060165748E-18
 -9.7158663221080813E-19
  6.6861786667493188E-19
 -3.1831695307471195E-19
  1.0047965433415183E-18
 -8.0367806431276050E-19
  6.0244003096802394E-20
  2.4754085200006082E-19
  3.7436453467167083E-19
 -3.1614765967015136E-19
  6.9460155575718768E-19
 -5.2891515152898362E-19
  1.0855387092918010E-18
 -1.8343085481537418E-18
  2.0795084898598318E-18
 -1.1171667583547990E-18
 -6.6317269416289428E-19
  3.3568351089718649E-19
 -2.4114923883293052E-19
  1.7761933192007033E-19
 -4.4660028058446968E-19
  5.1374643828461969E-19
  3.4861928902652792E-19
 -6.3072469259568653E-19
  4.2394162924198609E-19
 -1.8164607799296968E-19
 -9.9787059415386112E-21
 -2.3927430789687728E-19
  2.2801034363044084E-19
  9.0010048861964190E-20
 -1.4473639018003080E-20
 -4.3354846949340181E-19
  3.9998548557709067E-19
  1.3061345049092859E-19
 -2.8060164121409095E-19
  7.7160459053910194E-19
 -6.4298091147809591E-19
  3.4006776505573449E-19
 -1.5955068762974326E-19
  8.1975442116264574E-19
 -9.6584396838410697E-19
  4.3392746026779284E-19
 -1.0601186962847800E-19
 -2.7024078175135865E-19
  5.9466562276830983E-19
 -7.9582471137424554E-19
  1.5094960030305233E-18
 -8.2620066053251362E-19
 -4.8758709383726707E-19
  4.4746690724716911E-20
 -5.0240602398003134E-19
  2.7965368268391772E-19
 -3.1209621886602199E-19
  2.6308049558985756E-19
 -4.1433779723900615E-19
  7.2880644787896951E-20
  1.2172812416316621E-19
  2.5200659093123334E-19
 -6.0100004458133884E-19
  6.5127578233431366E-19
 -4.3318744163667248E-19
  6.2709785701340456E-19
 -3.9275810073205576E-19
  2.2402768858997975E-19
 -6.9085216072861683E-19
  5.4650649908398096E-19
  6.5828696621380728E-20
  1.0103569572718979E-19
 -3.2031595805868082E-19
  1.3028710567066962E-19
  1.0760888176027143E-19
 -3.6650191475995090E-19
  3.0163674883634274E-19
 -6.7746021680512042E-20
 -3.1799887820600591E-19
  4.7590551169110959E-19
  3.0056175407490579E-19
  3.9650021108669392E-20
 -4.2970632266234573E-19
  6.6031378670071452E-20
  1.1448403312670521E-19
  5.4269639504647299E-20
 -5.6432479349443256E-19
  5.9393267508071221E-19
  3.4776815785230812E-19
 -7.5121127785500654E-19
  1.1878280381421942E-19
  1.0642672282825269E-19
