                      32
                  0.0410
      0.0000000000000000
  1.6810094882625541E-03
  1.3761209862133379E-04
 -2.8257676892340887E-06
  7.7238026051940148E-08
 -2.3750684379320384E-09
  7.7902232843934813E-11
 -2.6616530720087322E-12
  9.3534428520129068E-14
 -3.3602868040623795E-15
  1.2050037512700892E-16
 -3.3796153740045143E-18
  5.0777396606683702E-18
 -2.3469346714527774E-18
  1.5936798381510233E-18
 -2.0829652447851472E-18
 -1.6173745264318222E-19
  4.5332393658786776E-18
 -4.5577083553611217E-18
 -1.5960187103008287E-18
  1.5820886628408732E-18
  4.1252178312740414E-19
 -1.2024900176887537E-18
 -2.6407110073547391E-18
  2.3667587562329488E-18
 -2.6663667365532222E-18
  7.1310110846692470E-19
  2.9881760336494451E-19
 -1.0603097917920147E-19
  4.5321863339006303E-19
  1.1650378648778079E-18
 -8.8261978545682385E-19
  8.3899571280049309E-20
