                     128
                  0.2500
      0.0000000000000000
  6.2967853785297678E-02
  2.9799095844115612E-02
 -3.9208769606861585E-03
  6.5700045819557299E-04
 -1.2319915601099229E-04
  2.4633363825138219E-05
 -5.1308762643964213E-06
  1.0993025582130417E-06
 -2.4044374100801464E-07
  5.3426881959682259E-08
 -1.2020120507664538E-08
  2.7316700591844423E-09
 -6.2597368056871388E-10
  1.4444872007506027E-10
 -3.3531379935346970E-11
  7.8237132363996335E-12
 -1.8336233363523543E-12
  4.3142727747736984E-13
 -1.0186171972882991E-13
  2.4125981633539196E-14
 -5.7321883888485266E-15
  1.3658702687045090E-15
 -3.2628473224585030E-16
  7.7646178563437366E-17
 -1.6666410865376374E-17
  3.8843441062397510E-18
 -1.5534082336460275E-18
 -1.0157443814468710E-19
 -1.9950518401203928E-19
 -4.8361175784475189E-19
  1.2595145587242645E-18
  8.7641132835462987E-19
 -1.1978175451201592E-18
  1.3953465418307782E-19
 -9.6598714887179364E-19
  1.2255333200167549E-18
 -8.8454047292669284E-19
  5.8301207021144255E-19
 -1.7269587914513891E-19
  6.0623347665699406E-19
  2.8660412036588321E-19
 -7.6042005928388144E-20
  5.0324166918412467E-19
 -1.1522823166242710E-18
  5.9082824956641245E-19
 -2.4888300165759162E-21
  7.4059929885578829E-19
  1.0087401205948080E-18
 -2.2858213893891823E-18
  1.1653579177159440E-18
 -2.4459983655392460E-19
  2.8970106972166832E-19
 -2.2353527057058539E-19
 -4.4517611893551330E-19
  1.5013772403545777E-20
 -6.8876217729114737E-19
  6.6806805588562387E-19
 -3.7965957542159232E-19
 -1.7794025001859329E-19
  3.6577351824902024E-19
  2.8339165286256526E-20
  7.4257036008592353E-19
 -7.2055621570353877E-19
  2.5981613699573630E-19
  1.2241143464387774E-19
 -5.7429091950562967E-19
  9.7013247019951461E-19
 -1.6997955101998058E-19
 -2.7643730861928204E-19
 -4.6095777225467856E-20
  1.1638433492507358E-19
 -3.8344549627965758E-19
  8.7050662676424519E-20
  6.0684025375696625E-19
 -2.2928407432242962E-19
 -3.1406208084164102E-19
 -7.2701495576843744E-20
  5.0696103544935156E-19
 -1.1689795275923571E-19
  4.5584601737652621E-19
 -2.9630364820623525E-19
 -2.1739567002120255E-19
 -3.6311491722434919E-19
 -2.7932632835819406E-19
  6.5561509391290093E-19
 -3.5281517478851042E-19
  4.1932647384094595E-19
 -2.9392660619923273E-19
 -5.0615131729829473E-19
  6.5965889090635565E-19
  1.9719928646759145E-19
 -6.0275311254823886E-20
 -4.7130360519042454E-19
  8.1408354790609087E-20
  3.2259917106028013E-19
 -1.7968001025808580E-19
  3.7858493215715912E-20
 -2.0654630708840275E-19
 -3.8744366507116616E-19
 -2.1361235421924922E-20
 -9.7214679191030333E-20
 -2.2840564955707644E-19
  3.0672510491725918E-19
  3.0576832968986197E-19
 -3.9177229961712608E-19
  3.1370421328492228E-19
 -1.4600693074862007E-19
 -3.1070832300275923E-20
 -1.7129837837091113E-19
  1.0219728749030525E-20
 -7.9227006185258932E-20
  4.5690421381804303E-22
  3.5146955980334972E-19
 -6.0515887566584407E-19
  1.5241046204027481E-19
  5.0166200721344989E-20
 -1.2435554967435810E-19
  2.9336604405287727E-19
 -2.0230153787432215E-19
 -1.8810350638977284E-19
  3.0912319133687298E-19
 -3.2044367459454754E-19
  9.9675302412161111E-20
 -3.4812502873974509E-20
  6.1559277416287443E-20
  4.2761182500271576E-19
 -1.6147577548295950E-19
 -4.7837523766610986E-21
