                     512
                  0.9900
                  0.7251
  3.1244268694293158E+01
  9.1558870588241760E+01
 -1.5692144425852520E+01
  2.3521999695488720E+01
 -1.0067398554253840E+01
  1.1678874140731068E+01
 -7.0249088363368983E+00
  7.1735608295592455E+00
 -5.1167970846004520E+00
  4.8925497755329443E+00
 -3.8304974354092147E+00
  3.5402802840488827E+00
 -2.9234026278729282E+00
  2.6557900333744957E+00
 -2.2631816150459065E+00
  2.0389963471174979E+00
 -1.7712643343460908E+00
  1.5901237206610790E+00
 -1.3981727791518397E+00
  1.2538617461632688E+00
 -1.1113085702194887E+00
  9.9687113953233342E-01
 -8.8839002835781911E-01
  7.9767200452514597E-01
 -7.1371348600597062E-01
  6.4168041437109313E-01
 -5.7592492313149346E-01
  5.1858446063886765E-01
 -4.6664036177695123E-01
  4.2086424920008930E-01
 -3.7956226789703251E-01
  3.4290759104860052E-01
 -3.0989558644165199E-01
  2.8045369153713512E-01
 -2.5395029714267797E-01
  2.3022684235232005E-01
 -2.0886344494138306E-01
  1.8968546980696963E-01
 -1.7239987138870522E-01
  1.5684434771055236E-01
 -1.4280623595669689E-01
  1.3014512659044800E-01
 -1.1870209664929045E-01
  1.0835995887881994E-01
 -9.8997417256820708E-02
  9.0518536252103876E-02
 -8.2829351369947582E-02
  7.5852148371996636E-02
 -6.9513366410580715E-02
  6.3750397082996818E-02
 -5.8505209907642443E-02
  5.3727487338292620E-02
 -4.9371179402355136E-02
  4.5395862374835047E-02
 -4.1764813746153241E-02
  3.8445525793227971E-02
 -3.5408584902020389E-02
  3.2627796695428340E-02
 -3.0079502099710088E-02
  2.7742535458779388E-02
 -2.5597785888085256E-02
  2.3628093582356909E-02
 -2.1817954750470683E-02
  2.0153404276823363E-02
 -1.8621808738776044E-02
  1.7211755919091784E-02
 -1.5912904550839505E-02
  1.4715888054594893E-02
 -1.3612202532593622E-02
  1.2594126123782820E-02
 -1.1654633831430080E-02
  1.0787331372860811E-02
 -9.9863894403114436E-03
  9.2464900474011156E-03
 -8.5627752074816151E-03
  7.9308036489439127E-03
 -7.3465103807644275E-03
  6.8061718285418529E-03
 -6.3063737279288592E-03
  5.8439830168147463E-03
 -5.4161221604026978E-03
  5.0201464290152422E-03
 -4.6536232280816334E-03
  4.3143136572888520E-03
 -4.0001557605063159E-03
  3.7092494880531981E-03
 -3.4398430353150319E-03
  3.1903205150919539E-03
 -2.9591907445466223E-03
  2.7450770830781696E-03
 -2.5467081720767799E-03
  2.3629095111805942E-03
 -2.1925957657897778E-03
  2.0347637465708197E-03
 -1.8884859842304019E-03
  1.7529048488007584E-03
 -1.6272271560201113E-03
  1.5107192185557657E-03
 -1.4027022981636010E-03
  1.3025484240938984E-03
 -1.2096765435628857E-03
  1.1235489759577443E-03
 -1.0436681437591838E-03
  9.6957355704206812E-04
 -9.0083902991607207E-04
  8.3707010994497389E-04
 -7.7790170300780291E-04
  7.2299587798259075E-04
 -6.7203983688460896E-04
  6.2474403751331146E-04
 -5.8084045671980412E-04
  5.4008098349401005E-04
 -5.0223593194861232E-04
  4.6709266513029693E-04
 -4.3445432131210846E-04
  4.0413863510555345E-04
 -3.7597684632658491E-04
  3.4981269010969494E-04
 -3.2550146225613589E-04
  3.0290915426727779E-04
 -2.8191165292291775E-04
  2.6239399965505251E-04
 -2.4424970530999280E-04
  2.2738011622257148E-04
 -2.1169382781662411E-04
  1.9710614222598984E-04
 -1.8353856668021026E-04
  1.7091834963647875E-04
 -1.5917805185620320E-04
  1.4825514982628625E-04
 -1.3809166911415074E-04
  1.2863384541777215E-04
 -1.1983181123628366E-04
  1.1163930623524138E-04
 -1.0401340952276300E-04
  9.6914292180711402E-05
 -9.0304988520030976E-05
  8.4151184636890142E-05
 -7.8421022958190633E-05
  7.3084921554456423E-05
 -6.8115407097502119E-05
  6.3486960416523757E-05
 -5.9175873691636198E-05
  5.5160118390956903E-05
 -5.1419223129114764E-05
  4.7934160685376550E-05
 -4.4687243478195343E-05
  4.1662026847881511E-05
 -3.8843219547334489E-05
  3.6216600888588643E-05
 -3.3768944034575460E-05
  3.1487944965565865E-05
 -2.9362156686726220E-05
  2.7380928275464825E-05
 -2.5534348401004017E-05
  2.3813192974561068E-05
 -2.2208876617493261E-05
  2.0713407657738729E-05
 -1.9319346388429024E-05
  1.8019766342365778E-05
 -1.6808218356838483E-05
  1.5678697218752470E-05
 -1.4625610698883878E-05
  1.3643750796014706E-05
 -1.2728267029230917E-05
  1.1874641625056879E-05
 -1.1078666461853125E-05
  1.0336421641787146E-05
 -9.6442555716203170E-06
  8.9987664431445001E-06
 -8.3967850111639785E-06
  7.8353585760565751E-06
 -7.3117360837364455E-06
  6.8233542635574938E-06
 -6.3678247291154748E-06
  5.9429219751453323E-06
 -5.5465722045574806E-06
  5.1768429296186207E-06
 -4.8319332903246335E-06
  4.5101650416205196E-06
 -4.2099741607338048E-06
  3.9299030331950367E-06
 -3.6685931752827225E-06
  3.4247784576089353E-06
 -3.1972787927964304E-06
  2.9849942576528312E-06
 -2.7868996173112297E-06
  2.6020392255703307E-06
 -2.4295222742633573E-06
  2.2685183681996204E-06
 -2.1182534032555716E-06
  1.9780057264255305E-06
 -1.8471025590231959E-06
  1.7249166644844648E-06
 -1.6108632444499540E-06
  1.5043970469626098E-06
 -1.4050096727862554E-06
  1.3122270659932674E-06
 -1.2256071760739927E-06
  1.1447377803179186E-06
 -1.0692344547606238E-06
  9.9873868426354562E-07
 -9.3291610171414445E-07
  8.7145484767155974E-07
 -8.1406404221207129E-07
  7.6047236120566031E-07
 -7.1042670998282505E-07
  6.6369098760387384E-07
 -6.2004493561754053E-07
  5.7928306530893291E-07
 -5.4121365852440550E-07
  5.0565783624044621E-07
 -4.7244869119497623E-07
  4.4143047924704816E-07
 -4.1245786614135796E-07
  3.8539522549701849E-07
 -3.6011598454725223E-07
  3.3650201466314308E-07
 -3.1444306283018355E-07
  2.9383622245039579E-07
 -2.7458543942695114E-07
  2.5660105232766153E-07
 -2.3979936330965564E-07
  2.2410223843210281E-07
 -2.0943673487769142E-07
  1.9573475337546718E-07
 -1.8293271439103756E-07
  1.7097125570988193E-07
 -1.5979495098893618E-07
  1.4935204683880755E-07
 -1.3959421793808064E-07
  1.3047633836916734E-07
 -1.2195626865152345E-07
  1.1399465663589796E-07
 -1.0655475239090646E-07
  9.9602234810916107E-08
 -9.3105050495696553E-08
  8.7033262826731361E-08
 -8.1358911812175585E-08
  7.6055882490596571E-08
 -7.1099783034436986E-08
  6.6467830122214905E-08
 -6.2138742670952865E-08
  5.8092642193818530E-08
 -5.4310959949493824E-08
  5.0776350365341288E-08
 -4.7472610029846032E-08
  4.4384602319627296E-08
 -4.1498186694957028E-08
  3.8800153076462540E-08
 -3.6278160261069498E-08
  3.3920678623384234E-08
 -3.1716936535068051E-08
  2.9656870264384235E-08
 -2.7731077467959813E-08
  2.5930773345759606E-08
 -2.4247750081772550E-08
  2.2674338741114578E-08
 -2.1203373806239210E-08
  1.9828159964029322E-08
 -1.8542441145475526E-08
  1.7340371674646192E-08
 -1.6216489100534312E-08
  1.5165689169163248E-08
 -1.4183202057279515E-08
  1.3264570505623442E-08
 -1.2405629233424224E-08
  1.1602485675433753E-08
 -1.0851502143154934E-08
  1.0149279018951095E-08
 -9.4926391557727390E-09
  8.8786131786588531E-09
 -8.3044259360806765E-09
  7.7674837107415702E-09
 -7.2653623009840584E-09
  6.7957958682805968E-09
 -6.3566666343752397E-09
  5.9459950158263366E-09
 -5.5619308488811215E-09
  5.2027444936937205E-09
 -4.8668193878520398E-09
  4.5526442062849599E-09
 -4.2588063244177312E-09
  3.9839851068441765E-09
 -3.7269460380550026E-09
  3.4865350275062207E-09
 -3.2616731037356503E-09
  3.0513516490328765E-09
 -2.8546275709546783E-09
  2.6706193028318597E-09
 -2.4985024818991400E-09
  2.3375064753763306E-09
 -2.1869106987477694E-09
  2.0460414586264955E-09
 -1.9142687539462858E-09
  1.7910036467270416E-09
 -1.6756953393536541E-09
  1.5678288453339192E-09
 -1.4669226090178388E-09
  1.3725263514566019E-09
 -1.2842189688235842E-09
  1.2016066860695960E-09
 -1.1243212868071695E-09
  1.0520184412092331E-09
 -9.8437609030114629E-10
  9.2109310805643862E-10
 -8.6188781128113441E-10
  8.0649681703832702E-10
 -7.5467380364958664E-10
  7.0618834198034304E-10
 -6.6082502367163639E-10
  6.1838225160815221E-10
 -5.7867163403616230E-10
  5.4151678060471580E-10
 -5.0675290116627082E-10
  4.7422569018833275E-10
 -4.4379098106218841E-10
  4.1531379006912988E-10
 -3.8866796681189927E-10
  3.6373541855954938E-10
 -3.4040575837946327E-10
  3.1857568702333187E-10
 -2.9814860080317911E-10
  2.7903412322889887E-10
 -2.6114771520427895E-10
  2.4441029959724352E-10
 -2.2874788549018640E-10
  2.1409127994022190E-10
 -2.0037575491917765E-10
  1.8754073386710566E-10
 -1.7552958164153980E-10
  1.6428927070427001E-10
 -1.5377024116977304E-10
  1.4392609860461823E-10
 -1.3471345321486923E-10
  1.2609167861563762E-10
 -1.1802282738027256E-10
  1.1047132524883537E-10
 -1.0340395514188651E-10
  9.6789604316174331E-11
 -9.0599169698591788E-11
  8.4805423565970472E-11
 -7.9382887970701277E-11
  7.4307724633944983E-11
 -6.9557635630751934E-11
  6.5111755684409685E-11
 -6.0950558194800019E-11
  5.7055781457083762E-11
 -5.3410327695983332E-11
  4.9998210984483180E-11
 -4.6804452966368770E-11
  4.3815072156949290E-11
 -4.1016920102391702E-11
  3.8397794491403326E-11
 -3.5946161395108303E-11
  3.3651338549943810E-11
 -3.1503235573877844E-11
  2.9492487628212469E-11
 -2.7610276405122762E-11
  2.5848393380660530E-11
 -2.4199111028825407E-11
  2.2655221402283781E-11
 -2.1209986261159549E-11
  1.9857093360489022E-11
 -1.8590623066871085E-11
  1.7405067865900743E-11
 -1.6295204127084848E-11
  1.5256251289786082E-11
 -1.4283614756006948E-11
  1.3373103786507595E-11
 -1.2520700791015683E-11
  1.1722737160122128E-11
 -1.0975685842191313E-11
  1.0276329539789050E-11
 -9.6215936252323340E-12
  9.0086465411949035E-12
 -8.4347985025493201E-12
  7.8975616397205436E-12
 -7.3945924666758995E-12
  6.9237125456679425E-12
 -6.4828568698858544E-12
  6.0701339118823376E-12
 -5.6837162586114880E-12
  5.3219428611117040E-12
 -4.9832360864484033E-12
  4.6661111519890019E-12
 -4.3692166694169327E-12
  4.0912187014296602E-12
 -3.8309656128508386E-12
  3.5872655416740315E-12
 -3.3591160337435560E-12
  3.1454760189258251E-12
 -2.9454537481092132E-12
  2.7581508519934859E-12
 -2.5827806630799195E-12
  2.4185545798315202E-12
 -2.2647912228344549E-12
  2.1208088673248139E-12
 -1.9859803703265824E-12
  1.8597402888190163E-12
 -1.7415274514637277E-12
  1.6308381503529614E-12
 -1.5271805488608993E-12
  1.4301259879529084E-12
 -1.3392371580455153E-12
  1.2541357522141593E-12
 -1.1744419823503672E-12
  1.0998234514288134E-12
 -1.0299420129086580E-12
  9.6452338336897091E-13
 -9.0324421490250873E-13
  8.4587788846480624E-13
 -7.9215294219059965E-13
  7.4184282856332264E-13
 -6.9474182671980308E-13
  6.5062425135956871E-13
 -6.0932817446598438E-13
  5.7064353754801283E-13
 -5.3444074098210425E-13
  5.0052626919277049E-13
 -4.6878690205490253E-13
  4.3903952202517482E-13
 -4.1120559279590159E-13
  3.8511710029388461E-13
 -3.6070355308353328E-13
  3.3781988915605482E-13
 -3.1640417624460605E-13
  2.9632539955731093E-13
 -2.7754437239298818E-13
  2.5992348915361887E-13
 -2.4345043868421556E-13
  2.2799030538968940E-13
 -2.1353890821213980E-13
  1.9997441952276217E-13
 -1.8730487607926525E-13
  1.7541168889682671E-13
 -1.6429277074808535E-13
  1.5387071577265599E-13
 -1.4412230855412971E-13
  1.3497741117607397E-13
 -1.2642529249409091E-13
  1.1840099826505200E-13
 -1.1090191462134891E-13
  1.0386253653999238E-13
 -9.7300478091667923E-14
  9.1118384168593543E-14
 -8.5359027287728086E-14
  7.9942582390973740E-14
 -7.4891793770398060E-14
  7.0141278611335169E-14
 -6.5702970054792242E-14
  6.1536403914247134E-14
 -5.7629130094740776E-14
  5.3969576316941545E-14
 -5.0537253894267781E-14
  4.7327421071548431E-14
 -4.4299385311507762E-14
  4.1477790490599208E-14
 -3.8820485526338106E-14
  3.6342307384492990E-14
 -3.4004719300562495E-14
  3.1814231681906147E-14
 -2.9768204521798064E-14
  2.7843051926370665E-14
 -2.6041425899224503E-14
  2.4347958840267376E-14
 -2.2765911531668952E-14
  2.1272659624516220E-14
 -1.9888345971603597E-14
  1.8576963091230882E-14
 -1.7355873403344644E-14
  1.6209975441344142E-14
 -1.5158512284946999E-14
  1.4145065383011546E-14
 -1.3227495566722345E-14
  1.2343451016236366E-14
 -1.1549672966310238E-14
  1.0787660372874703E-14
 -1.0099299644278355E-14
  9.4418993006495536E-15
 -8.8425652270860398E-15
  8.2764389511925347E-15
 -7.7651405671603489E-15
  7.2670878538827630E-15
 -6.8216351555726572E-15
  6.4036378191276126E-15
 -6.0076552673969013E-15
  5.6403015969799701E-15
 -5.2898270881839072E-15
  4.9622178958356538E-15
 -4.6473303922745097E-15
  4.3447529583796747E-15
 -4.0526093255249368E-15
  3.7769165847754118E-15
 -3.5033393816067160E-15
  3.2373352624652415E-15
 -2.9725357262958271E-15
  2.7115078854832228E-15
 -2.4595929315539365E-15
  2.1994962974158879E-15
 -1.9558693565319143E-15
  1.7098892492970255E-15
 -1.4758966412486503E-15
  1.2409854310199882E-15
 -1.0200151248758728E-15
  8.1059139682365508E-16
 -6.1255307089986143E-16
  4.4836102448397735E-16
 -2.9105939264339785E-16
  1.7616925536373819E-16
 -7.4562241578932195E-17
  3.8060439989490829E-17
