                     128
                  0.1300
      0.0000000000000000
  1.6909534588233646E-02
  4.3253893932793967E-03
 -2.8568133101971753E-04
  2.4770549252416554E-05
 -2.4150699715005816E-06
  2.5116154984524538E-07
 -2.7208741726217540E-08
  3.0317967069987441E-09
 -3.4486388202303940E-10
  3.9850663486268875E-11
 -4.6625016470387077E-12
  5.5102154342714197E-13
 -6.5664867806961838E-14
  7.8795857874723073E-15
 -9.5188423074340361E-16
  1.1655730971072612E-16
 -1.4380417345633915E-17
  1.6119919513663901E-18
  3.4153885563991064E-19
 -6.8146290239431430E-19
 -1.2223227371261842E-18
  1.3796545346835452E-18
 -4.8659209609706085E-19
  9.9826693283334654E-19
 -7.1735869616133757E-19
 -6.8671260251288701E-19
  6.1689829813517738E-19
 -5.1843184347189907E-19
 -1.4940237341860349E-19
  1.8781380747177121E-18
 -4.5538461347071861E-19
  2.4830064464591630E-20
 -2.3695466075177666E-19
  1.3535692995691193E-19
  1.4323218540447567E-19
  5.0992610896926715E-19
  1.1132394163510327E-18
  1.1422200149504339E-18
 -6.0920461422327753E-19
 -4.8648924998565550E-19
  2.2167897737352712E-19
 -6.9919460435232234E-19
  7.9088754787453824E-19
 -1.6646983703675713E-19
  5.5502057699962090E-19
  3.3504836692411528E-19
  2.2328072090730368E-19
  5.0237091353462126E-19
 -6.8144269450840972E-19
 -2.1396698705004591E-19
  5.0080750741102663E-19
 -2.7957534203752914E-19
 -2.6031201225888892E-19
  1.7741651424349368E-19
 -7.8655019572943107E-20
  9.0698187552873562E-20
 -1.9263540806335114E-19
  4.7572010382410704E-19
  3.6617378874144447E-19
 -1.3379164918021602E-19
 -8.8577609170006694E-20
  2.6053380104830007E-19
 -4.9042337332378551E-19
 -6.2304692823432117E-20
 -1.1065306787299250E-20
  5.9215805464557714E-19
 -1.9020482500571657E-20
  5.8557492844045028E-19
 -6.0847078105398091E-19
  1.9122770734654539E-19
 -1.3820135838749143E-19
  4.3000304041425832E-19
 -1.0633899851329702E-19
 -2.2786726782822455E-19
  2.6460476803449603E-19
 -6.7123061434057760E-19
  3.1791066652425636E-19
 -1.6808755292402075E-19
 -7.3296501635467258E-20
 -6.9785364275011442E-20
 -7.2185274525522192E-20
  9.1278526671313416E-20
 -1.5960012073569941E-19
  4.2070401995944737E-19
 -2.2417544535241980E-19
 -1.3672251173379155E-19
  1.1684163049948412E-19
 -1.2494282077615221E-19
  1.9450479867723310E-19
  4.8348466598113573E-19
 -5.7059803443092523E-19
 -1.7167765545694345E-19
  1.7490828411385073E-19
 -1.2258508891687234E-19
 -1.7995139733509398E-19
  1.6675365511581600E-19
 -1.8661272779431016E-20
  2.5690209638869230E-19
 -1.4066164173484997E-19
 -6.0513634884937469E-20
  4.1522560186761203E-20
  6.7334568117100926E-21
  2.3090526587298757E-20
 -2.5046212412945336E-19
 -1.5735343033427600E-19
  1.9796551559412396E-19
  2.4876542176951800E-19
  4.3696385379541307E-20
 -1.9799125008862067E-19
  1.0103528212325115E-19
 -1.0460388753065218E-19
 -7.8441414630375907E-20
  9.6823594907483741E-20
  1.2754452213218050E-19
 -2.8167147691998821E-19
 -9.7307349824233574E-20
  3.4091628529395710E-19
 -1.4414663428382479E-19
  1.0501964907517952E-19
  4.6581314558182752E-20
  4.2184388360325020E-21
 -2.6260750323496344E-19
  3.2660895449366490E-19
 -1.6951984331363732E-19
  3.8871438268030404E-19
 -2.5169159160498887E-19
 -2.1005844502633514E-19
  2.8617820125361994E-19
