                      32
                  0.0150
      0.0000000000000000
  2.2500002277740460E-04
  6.7484828439308769E-06
 -5.0625002132507431E-08
  5.0625008022306500E-10
 -5.6953062100128607E-12
  6.8338036152406112E-14
 -8.4277280242777118E-16
  1.1943314954073774E-17
 -4.7788859863870441E-18
  3.1573874357602683E-18
 -3.2670798673288684E-19
  2.2051455840382706E-18
  2.4979751941254923E-18
 -9.6558825700842444E-19
 -5.6996885442485883E-19
  2.0714551186642874E-18
  5.5493864491476644E-19
 -1.7418685498831220E-20
  6.7039595441840042E-19
  4.5253330598762554E-19
 -2.6404989880539123E-18
  1.1291333638205669E-18
 -9.8354672081922402E-19
 -6.6836342268540740E-19
 -2.3353665526938207E-19
  1.5215492670002175E-18
 -2.0972428050245044E-18
  6.8179480297554037E-19
 -7.5618018135335646E-19
  3.1964904655486059E-19
 -1.0251781990734127E-18
 -3.0646360926296046E-19
