                     128
                  0.3100
      0.0000000000000000
  9.7768886772980665E-02
  5.5989866640890833E-02
 -9.3208689103561598E-03
  1.9481409342358602E-03
 -4.5330353203623956E-04
  1.1236594754176917E-04
 -2.9014261373895530E-05
  7.7067123641648612E-06
 -2.0898595854310283E-06
  5.7574376829791695E-07
 -1.6060317017989490E-07
  4.5253991016592446E-08
 -1.2858010536767254E-08
  3.6789589289916990E-09
 -1.0589117410930436E-09
  3.0635227595058131E-10
 -8.9026873918756059E-11
  2.5973138118911530E-11
 -7.6038922200632103E-12
  2.2330158323944483E-12
 -6.5758979970413572E-13
  1.9413653630215449E-13
 -5.7442086462395435E-14
  1.7031067119250672E-14
 -5.0615137661894790E-15
  1.5072001872750629E-15
 -4.4881661297622308E-16
  1.3577741181906693E-16
 -4.0482467492801280E-17
  1.1334937690746452E-17
 -2.6713421058482401E-18
  9.8035528556349443E-19
  3.7936592223396583E-19
 -2.2579127191371268E-18
  2.2203156950361473E-18
 -7.0968689622308346E-19
 -4.9652641589750355E-19
  8.9879846283903145E-20
  6.8597617700643051E-19
  3.0335715834524348E-19
 -1.8071972963407192E-19
  4.0048225252200787E-19
 -9.2987357491348888E-19
  1.0096471359293090E-18
 -8.3200671544115127E-20
  1.2697778238864334E-18
 -1.6347967736541851E-18
  1.1572473833484819E-18
 -8.1330303836587844E-19
  8.7837440761890046E-19
 -1.1411396674103996E-18
  2.2662320256787649E-18
 -2.0131431837589609E-18
  9.1239301917013293E-19
 -2.6142683367448094E-19
  1.2032427820688889E-18
 -1.1859260250626221E-18
  4.7370950296798392E-19
  3.6141229856369890E-20
 -3.3568813801361292E-19
 -5.9611140549600656E-20
 -1.2437970416247598E-19
  2.7494052175234184E-19
  2.8381627207527032E-19
 -1.4973287288909897E-19
 -1.7619664071809089E-19
  3.9868278977676192E-19
 -4.5047608998826497E-19
 -1.7932903651848294E-19
  7.0341264375460936E-19
 -1.0102187734867743E-19
  5.2008023994966752E-19
 -6.7200427497755427E-19
  3.4006621274194492E-19
  1.9347324086364337E-19
 -8.6481911288662780E-19
  4.4882954360574535E-19
  7.1840514915848482E-19
 -7.0841915368693821E-19
  5.8740548606933527E-19
  1.8712500259611213E-19
 -3.8910297713820487E-19
 -1.2735327602436367E-19
 -5.1089230412999146E-20
  8.2568095324464806E-19
 -2.3133035525872404E-19
  5.0533838917542820E-19
 -8.6809687016359010E-19
  2.8299105640781957E-20
  1.8220902239962294E-19
  2.8567916240176254E-19
 -1.2374969127512176E-19
 -3.2630116513909510E-19
 -1.3967678564442208E-19
  9.4824318800998307E-20
  7.8764707975057473E-19
 -3.7587571490039587E-19
 -4.6547217207805313E-19
  5.4240820134575511E-19
 -3.3782289472066102E-19
  1.0835944675102576E-19
 -1.7483466072858530E-19
 -2.4038053841176059E-19
 -2.9840168886963917E-19
  3.8310314544641553E-19
 -2.0442057140020498E-19
  4.4913141013061875E-19
 -2.3610748060683228E-19
 -8.5194374616077820E-20
 -2.6891894008187426E-20
  6.8147295758863575E-20
 -2.0617264374399338E-19
  4.2874431716037179E-19
 -6.6536419795683663E-19
  2.8580807218802915E-19
  2.1989163053180421E-19
 -9.3286860818032192E-20
 -5.9433861101385000E-20
  2.4750402605119275E-19
 -2.6696849456540580E-19
  2.3209800055872866E-19
  9.7426313813695827E-20
  6.9016174531453799E-20
 -5.1931699523997736E-19
  1.3768101840503110E-19
  2.4578686218727513E-19
 -1.6010140976906893E-20
 -1.2958344987365721E-19
