                     128
                  0.4300
      0.0000000000000000
  1.9638970235574477E-01
  1.4809570735211944E-01
 -3.5466645988349005E-02
  1.0483064758979152E-02
 -3.4027626039909720E-03
  1.1706384610177967E-03
 -4.1898985575230494E-04
  1.5424595021234166E-04
 -5.7978016865296729E-05
  2.2142744980790679E-05
 -8.5635882589391741E-06
  3.3457318184696667E-06
 -1.3181535845763336E-06
  5.2299204169237865E-07
 -2.0874867059550768E-07
  8.3751353311742909E-08
 -3.3752762957822178E-08
  1.3656489155105936E-08
 -5.5447848056620433E-09
  2.2583010079376912E-09
 -9.2234083470544226E-10
  3.7765470415075151E-10
 -1.5498518951231672E-10
  6.3736608274663239E-11
 -2.6261169478900139E-11
  1.0839218869543054E-11
 -4.4810621808424327E-12
  1.8552837687129995E-12
 -7.6919949773323422E-13
  3.1931816979859688E-13
 -1.3272025828529528E-13
  5.5226197939156021E-14
 -2.3001698928787917E-14
  9.5892742142398400E-15
 -4.0028147306948342E-15
  1.6707742969366176E-15
 -6.9641041942540558E-16
  2.9069443889525447E-16
 -1.2094482286578858E-16
  5.0285399913920326E-17
 -2.1102467521474870E-17
  8.0572088915950942E-18
 -2.9237058902524208E-18
  1.7110906206538697E-18
  2.2116511278082567E-19
 -2.5353742993450525E-18
  3.2487763512787590E-18
 -2.1578462484269408E-18
  2.0699193924299353E-18
 -1.7261824024048226E-18
  1.5731760239759209E-18
 -2.2569757635081093E-18
  1.2059852519904916E-18
 -9.6567936497912419E-20
  9.9861096329047357E-19
 -1.3299787612373248E-18
  4.0365041142525958E-19
 -6.6084619167567734E-19
  1.1444939753920160E-18
 -5.3240384362063495E-19
  8.8941267076206653E-19
  2.3261226515386166E-19
 -1.2841457437577307E-19
 -1.0074782388215406E-18
  1.1194864087240113E-18
 -7.5396205911506914E-19
  6.5901818791776511E-19
 -6.7084327125724097E-19
  1.3225640721706558E-19
 -1.9062798635620718E-19
  1.8106084814510304E-19
 -6.3318452254405606E-19
  1.0655360298074396E-18
 -5.4890481387422688E-19
 -2.6178734160555312E-19
  8.9546016569907205E-19
 -2.8382908245036249E-19
 -1.0623083533654913E-18
  3.4494888557643237E-19
  1.1050841869018588E-18
 -1.3828308438754408E-18
  1.0493561961635941E-18
 -7.8963745103698828E-19
  8.2957012858799366E-19
 -1.2155591670171146E-18
  1.0479837034737932E-18
 -1.3612771736862730E-18
  9.7695116267350917E-19
 -1.6133656981602640E-19
  4.1413431004474764E-19
 -7.9853277416837607E-19
  4.1509025028948446E-19
 -1.9606361026083173E-19
 -2.0790324005367253E-19
 -4.6605091328604715E-20
  1.4274980123407964E-19
 -2.3592020981826741E-19
  4.3845630078750920E-19
 -7.0459237414653758E-19
  7.2194268537730978E-19
 -8.0372543815648501E-20
 -3.1733281757419991E-19
  3.9323088514282705E-19
 -1.6335102002955707E-19
 -2.9346944063113825E-19
  2.5003190400569438E-19
 -1.7629789369624093E-19
 -2.3181172684141858E-19
  4.9857231284254053E-19
 -1.2545779976759460E-19
 -5.5926025489343798E-19
  4.5985521913557292E-19
  2.9982714254882827E-19
  2.6601025596560048E-19
 -4.6921647867995177E-19
  4.7221442144215643E-20
  4.2452113204018246E-20
 -4.5679485353613684E-20
  1.4926594261052677E-19
 -1.8277150741352239E-19
 -6.5383141748518607E-20
  1.4594347826643782E-19
  9.4427342535547220E-20
  5.2275652021843439E-19
 -7.8456369419377016E-19
  8.0622855325620323E-19
 -5.5640633292437399E-19
  2.0766322991919585E-20
