                      32
                  0.0190
      0.0000000000000000
  3.6100009406625098E-04
  1.3713056138211993E-05
 -1.3032101414481028E-07
  1.6507332318204908E-09
 -2.3522955915397767E-11
  3.5755651937986174E-13
 -5.6651113851431988E-15
  9.6922698410894926E-17
 -9.2845684193647227E-18
 -2.2686645919913964E-18
  3.2850481497198552E-18
 -1.0229598780414979E-18
  1.9412708685618492E-18
  1.2448574479891176E-18
 -2.1056702242412927E-19
  1.5326192915224544E-18
 -2.5592406190595602E-18
  1.6999346011346185E-18
  1.1102968967252085E-18
 -3.1784331727153941E-18
 -9.5487780310122225E-19
  3.0354462400382823E-19
  1.2004450763674660E-19
 -2.6176210303583782E-18
  2.5471693654621497E-19
 -5.4889117644965299E-19
 -3.2139640319572380E-19
  4.8783985493325462E-19
 -6.3008614345301056E-19
 -9.7950525951980489E-19
 -6.4464093714547074E-21
 -5.8574937817832180E-19
