                     128
                  0.4980
      0.0000000000000000
  2.7546339531347791E-01
  2.3372730640779021E-01
 -6.5843357635420208E-02
  2.2851485320225670E-02
 -8.6519495711919435E-03
  3.4553203147498052E-03
 -1.4325598918402012E-03
  6.1046285720501973E-04
 -2.6557555202622838E-04
  1.1739655992570325E-04
 -5.2554976486669768E-05
  2.3769263209004185E-05
 -1.0841355441840528E-05
  4.9799694644519039E-06
 -2.3013686140434722E-06
  1.0690519654101672E-06
 -4.9885239105300562E-07
  2.3370441223595696E-07
 -1.0987163391615396E-07
  5.1815837492677041E-08
 -2.4505172979821613E-08
  1.1618550581118892E-08
 -5.5213135470223973E-09
  2.6293005662435262E-09
 -1.2544920363370003E-09
  5.9959422708718193E-10
 -2.8704426348363370E-10
  1.3762237266611799E-10
 -6.6074001006879209E-11
  3.1763710193538380E-11
 -1.5288080580185302E-11
  7.3665075536860570E-12
 -3.5532515076209710E-12
  1.7156042373359067E-12
 -8.2910551371987272E-13
  4.0103569743551146E-13
 -1.9413976326680305E-13
  9.4056522298933615E-14
 -4.5602782547947177E-14
  2.2124489271205783E-14
 -1.0739903521215958E-14
  5.2167724161065203E-15
 -2.5361884691644584E-15
  1.2337272719922539E-15
 -6.0193713714988844E-16
  2.9352147469542432E-16
 -1.4092762380213928E-16
  6.5832543431693195E-17
 -3.0771281618472346E-17
  1.4265887703568662E-17
 -5.1293154289019105E-18
  9.3261076352030333E-19
 -1.1721878810075484E-19
 -1.0277504576026161E-18
  9.4590944866190459E-19
 -1.1630700226717684E-18
  1.3087803991098215E-18
 -1.0106900762908015E-18
  1.7505148654792184E-18
 -2.6733207894981898E-18
  1.8540209359661682E-18
  6.0605466550335992E-19
 -7.9980047677424188E-19
  5.2438380369379509E-19
  3.5884898537128896E-19
 -1.4022338328354077E-18
  1.3191241193793593E-18
 -1.2517975514763440E-18
  6.4443703491740683E-19
  1.2828649832674433E-19
 -7.6167503002208684E-19
  9.4447289851469174E-19
 -1.0997499458380539E-18
  1.4948866533759654E-18
 -1.4006100699015312E-18
  9.7973386003052895E-19
 -1.6912703907275752E-18
  2.2668108042581784E-18
 -2.3681872434362843E-18
  1.3632096756938333E-18
 -2.0496978456145631E-19
 -4.8457900323567570E-19
 -2.6810663303649638E-20
  7.3837392618280585E-19
 -6.1869706502729562E-19
  9.2124194917011260E-19
 -1.3329236542095474E-18
  9.8062981500659358E-19
 -8.5168859491357253E-19
  1.1710664234315548E-18
 -1.1542719520744716E-18
  1.3436381014332442E-18
 -1.4658323406141016E-18
  1.5435771388573065E-18
 -1.4496795304587813E-18
  1.4099989468460225E-18
 -8.9143543614115730E-19
  4.6527002330673997E-19
 -2.1613573205721506E-19
  5.5769827013839008E-19
 -9.1825922956996705E-19
 -3.7847648484458972E-20
  3.4138564109192002E-19
 -7.1158002734288528E-20
 -4.1252240707993465E-19
  1.5210350156928476E-19
  7.4909302784853049E-19
 -8.3675625418446888E-19
  1.2098727206414244E-18
 -1.0427701102408343E-18
  7.7002786139615167E-19
 -7.6943351150830631E-19
  7.8637496724798481E-19
 -1.0584171036539817E-18
  7.6645778921048743E-19
 -6.6041582739148769E-19
  9.8991351866597164E-19
 -1.0250639590718103E-18
  7.3284302435627869E-19
 -3.9899080529195018E-19
 -2.5210502325153310E-19
  8.2594685161920644E-19
 -3.5880410483038808E-19
 -8.4805525721397219E-19
  1.4576459620819164E-18
 -9.6457817705281229E-19
  4.2416932704076504E-19
  3.8627784672640933E-20
