                     128
                  0.4757
      0.0000000000000000
  2.4724213809929757E-01
  2.0227905615244304E-01
 -5.4187571586669349E-02
  1.7883647083986865E-02
 -6.4511568050701039E-03
  2.4587061606227557E-03
 -9.7363359152205248E-04
  3.9641192285209986E-04
 -1.6478439973483170E-04
  6.9602157827223677E-05
 -2.9772111450334762E-05
  1.2865554202129646E-05
 -5.6066517735213627E-06
  2.4606282977987752E-06
 -1.0864219398071800E-06
  4.8216872691772999E-07
 -2.1495915741226946E-07
  9.6212382003053604E-08
 -4.3214236126723238E-08
  1.9470560626138337E-08
 -8.7972352998658411E-09
  3.9848410182089183E-09
 -1.8091326517513132E-09
  8.2306802516978122E-10
 -3.7517129339716767E-10
  1.7131057752369967E-10
 -7.8350113010120671E-11
  3.5887472931265705E-11
 -1.6460635696687596E-11
  7.5597715517802315E-12
 -3.4760926846391493E-12
  1.6001487571763955E-12
 -7.3736813071960178E-13
  3.4012190213945566E-13
 -1.5703078160686814E-13
  7.2561715633222457E-14
 -3.3557158032773950E-14
  1.5531636471232972E-14
 -7.1936367187362579E-15
  3.3323181669559384E-15
 -1.5430345704117981E-15
  7.1535595486176898E-16
 -3.3183966054878696E-16
  1.5213720829265636E-16
 -6.9725123812617588E-17
  3.1348221077765281E-17
 -1.1526955263423234E-17
  1.7494425324208668E-18
  8.3424769522140663E-19
 -6.7855301627788037E-20
 -1.4438069455341072E-19
  5.0793741128662468E-19
 -1.5072025179974859E-18
  6.1618961835020157E-19
  2.1337941556801844E-19
 -8.5188908239324588E-20
 -2.0457672963602185E-19
 -1.0157388675295912E-19
  1.4573709812326963E-18
 -1.4925265734277700E-18
  8.5299743992558936E-19
  7.7575274851786257E-19
 -1.6540732527260120E-18
  1.1781773811650917E-18
 -8.2012116593155921E-20
 -1.2843225199358362E-18
  1.7056359050177113E-18
 -6.0454325879490393E-19
 -3.7605961158624493E-19
 -4.0676764927543352E-19
  1.6227408554052557E-18
 -8.2962727078785764E-19
 -2.6377221899194430E-19
  1.4398951860008978E-18
 -7.0305881065789126E-19
 -1.5412802727767282E-18
  1.4081513916218224E-18
 -1.3401010396772324E-20
 -7.7489053109532141E-19
  7.5260956729760406E-19
 -5.9095111133903055E-19
  1.3196981566256676E-18
 -1.5976935783582779E-18
  1.3299987780397368E-19
  2.4767918346106369E-19
  1.1091018361850338E-19
 -5.9448371186484108E-19
  9.3595409179037600E-19
 -6.3192145091248324E-19
  5.6500704503084146E-19
 -7.4666633725426995E-19
  7.4496533126212955E-19
  1.6129696149434469E-19
 -7.7500330880180288E-19
  6.3229962574547980E-19
 -5.8232811592176204E-19
  1.4076694198982603E-19
 -6.0102377849377191E-19
  1.1568983699916610E-18
 -1.1721630190074608E-18
  8.6468681424338029E-19
 -8.8489060070364144E-19
  1.0016922779089726E-18
 -9.4146218869228875E-19
  1.2969857199619699E-18
 -7.9230599884117236E-19
 -4.1688062996847497E-20
  2.0868305469907455E-20
  4.0362807611796732E-19
 -8.4692142839683455E-19
  8.1445274084886869E-19
 -2.6591928837788766E-19
  3.3962925479732632E-19
 -4.9448790732012548E-19
  2.3240918023502459E-19
  1.9865885167332046E-19
 -3.0148103908416533E-19
  2.3282158062816337E-19
 -3.2597747802110561E-19
  6.0784070755187626E-19
 -8.9205266626915876E-19
  9.0492421489607991E-19
 -2.8219599710138550E-19
  1.5866912307829364E-21
  1.3083881598345569E-19
 -1.4212861144280735E-19
  9.8927357255614716E-20
 -8.6446879308753969E-20
