                     128
                  0.0415
      0.0000000000000000
  1.7244951196843095E-03
  1.4298007301970429E-04
 -2.9738554980013533E-06
  8.2330456193050267E-08
 -2.5641965644166563E-09
  8.5186521669073743E-11
 -2.9479487932243672E-12
  1.0492970443433672E-13
 -3.8114858857627984E-15
  1.3912089201725412E-16
 -5.2215043506816110E-18
  1.2992980677649073E-19
  2.1902427103733940E-19
 -1.7424196751197152E-18
  1.6232953987271763E-18
 -2.0194361117593993E-18
  8.6630529688083938E-19
 -1.5865901569996290E-19
 -1.0616193321821588E-18
  4.5200867133592678E-19
 -5.5685251858063590E-19
 -1.0679184441313948E-18
  6.3842826384830941E-19
  2.9486450986427215E-19
  1.5275810268589159E-19
 -1.1884758547170417E-19
  1.6494812037100676E-19
  1.1605758891274338E-18
 -5.7153691333683194E-19
  1.4402417484463903E-19
  1.1143864595357551E-18
 -6.3272064474262702E-19
 -3.4094305598543885E-19
 -1.9710060892482145E-19
 -6.2848022217948636E-20
  9.4103114727759476E-20
 -1.2768360494116983E-19
  8.0845757185295367E-19
 -3.3354417849249854E-20
  4.6839009534119159E-20
  5.7043239303373388E-19
  5.3329059954791099E-19
 -3.9108681574002369E-19
  5.6247884581527653E-19
 -7.7846574166730473E-19
  1.1932326136437048E-19
 -8.0363297667026223E-20
 -3.8280400059340672E-20
 -1.8127426837694377E-20
  6.8375054788754565E-19
 -2.6885070646998449E-19
  5.3063647552682281E-19
 -9.3087945661053245E-21
 -1.2139155748888601E-19
  5.4142790266713914E-19
  3.9682379711305524E-19
  5.9065975161729415E-19
 -6.6913575053431493E-19
  5.1701367776860666E-19
 -3.3358905322992481E-19
 -8.2123764556886386E-19
 -3.4299606083876969E-19
  3.4282747913006097E-19
 -5.3249259686715773E-19
  3.6508541500881809E-20
 -2.5976949148313851E-19
 -1.4675843713005703E-19
 -3.3241005607382015E-19
 -1.6783446666336298E-19
  1.0523994519588660E-19
  1.1945262826091278E-19
  1.2730643401785857E-19
 -4.7977834501786459E-19
  4.4454020918489646E-19
 -5.9916142440666707E-19
 -1.7059662084651747E-19
  3.1218893942136734E-19
 -4.6087317643809538E-19
  1.7392426467902500E-19
  3.8583147152313784E-20
  3.9604376788093957E-19
 -5.0273359267324256E-19
  5.6867110456387960E-21
  2.3435292534588959E-19
 -3.7818739289014808E-19
  3.1403272811668064E-19
 -8.0713951255658724E-21
 -9.2710736354309985E-20
  1.1369404458130074E-19
 -4.8015126801167335E-20
  7.4232128875062214E-20
  5.3627916791606669E-20
  7.2381196600406769E-20
  3.6073685925702995E-20
  1.4128050334089186E-19
 -3.9289267765978802E-19
 -5.1027219100156558E-20
  2.7608500170743283E-19
 -3.6740124916418221E-19
 -1.3791136757327138E-19
  2.4763811386460428E-19
 -1.1799931733990956E-19
 -1.2316736521422755E-19
 -3.4220829908807564E-20
 -2.7223182881668635E-19
 -1.6287066949517368E-19
  1.8384546828136427E-19
 -3.4582165477912004E-20
  3.9176858379602110E-20
 -2.6317362180342857E-21
 -4.4525144930600445E-20
 -1.0624401990184960E-19
  2.1977067532174632E-19
  9.1275238410183758E-20
 -7.2474527601622469E-21
 -1.1635334165983813E-19
  9.7101112579651815E-20
  1.9098039893794218E-20
 -1.0634486539990790E-19
 -5.1726694838050539E-20
  2.6385292697371771E-19
 -1.4340120831945010E-19
 -3.8608230006135144E-19
  3.5745065666368312E-20
 -2.1466210045127682E-19
  3.4452889139637373E-21
  2.2893861924536038E-19
 -1.1596463536478677E-19
