                     512
                  0.9910
                  0.7389
  3.4728180308304083E+01
  1.0318949732358566E+02
 -1.7034853562229532E+01
  2.6731891527504029E+01
 -1.1058098626843998E+01
  1.3321528626354146E+01
 -7.8002887418902453E+00
  8.2008714330406889E+00
 -5.7373842300130731E+00
  5.6070080327183840E+00
 -4.3335364809615307E+00
  4.0707297134511586E+00
 -3.3348708005988565E+00
  3.0667146884533643E+00
 -2.6021579591260084E+00
  2.3664289783408963E+00
 -2.0521367507739017E+00
  1.8560024074882471E+00
 -1.6319894074673711E+00
  1.4725282706144425E+00
 -1.3066837669475480E+00
  1.1782788407938150E+00
 -1.0521352973137481E+00
  9.4907769679556730E-01
 -8.5128422875548604E-01
  7.6858717051662961E-01
 -6.9174000610502095E-01
  6.2529345867135389E-01
 -5.6431307324369495E-01
  5.1081328334220433E-01
 -4.6206944249470117E-01
  4.1888857005506119E-01
 -3.7970353219913133E-01
  3.4475900577693114E-01
 -3.1311041262157141E-01
  2.8475243373855585E-01
 -2.5908636665238194E-01
  2.3600657054244195E-01
 -2.1511417500062499E-01
  1.9627327413730281E-01
 -1.7920578391309980E-01
  1.6377677825700454E-01
 -1.4978482108802521E-01
  1.3710851085265655E-01
 -1.2559745901269861E-01
  1.1514754285714647E-01
 -1.0564390426112036E-01
  9.6999521502630984E-02
 -8.9125202269105031E-02
  8.1949267770608750E-02
 -7.5401615436651317E-02
  6.9423681287646949E-02
 -6.3959874478382500E-02
  5.8962546017910324E-02
 -5.4387311458451666E-02
  5.0195466142864929E-02
 -4.6351376541919120E-02
  4.2823600674094617E-02
 -3.9583392979055866E-02
  3.6605177697728836E-02
 -3.3865662658175477E-02
  3.1343997475127706E-02
 -2.9021227333140057E-02
  2.6880304583552801E-02
 -2.4905737543637188E-02
  2.3083539871281183E-02
 -2.1400994977423659E-02
  1.9846584343963747E-02
 -1.8409823144137201E-02
  1.7081186677141966E-02
 -1.5851991686238538E-02
  1.4714329056918347E-02
 -1.3660975686280764E-02
  1.2685336204181566E-02
 -1.1781376052861036E-02
  1.0943572478784981E-02
 -1.0166862823048056E-02
  9.4466039646621085E-03
 -8.7785318107904999E-03
  8.1587280125181467E-03
 -7.5835878735310766E-03
  7.0497931299228142E-03
 -6.5542862878428133E-03
  6.0942483697551649E-03
 -5.6670782224118015E-03
  5.2703742899597181E-03
 -4.9019178024778433E-03
  4.5596577977725641E-03
 -4.2416973648801946E-03
  3.9462812826856798E-03
 -3.6717846864480958E-03
  3.4167028162591312E-03
 -3.1796416190833822E-03
  2.9593092030914298E-03
 -2.7545079967416452E-03
  2.5641275882227845E-03
 -2.3871381460981909E-03
  2.2225843893705502E-03
 -2.0695800377365267E-03
  1.9273027101098655E-03
 -1.7949892213536185E-03
  1.6719312481675971E-03
 -1.5574713267983507E-03
  1.4509991573294590E-03
 -1.3519481859630312E-03
  1.2597924438616905E-03
 -1.1740436201603103E-03
  1.0942483511447024E-03
 -1.0199857077232172E-03
  9.5086486611983758E-04
 -8.8652294728619734E-04
  8.2662301240378554E-04
 -7.7085220254497280E-04
  7.1892001187422085E-04
 -6.7055668445666734E-04
  6.2551172570356629E-04
 -5.8355252010155610E-04
  5.4446304760808622E-04
 -5.0804269163078574E-04
  4.7410513208615511E-04
 -4.4247731749453157E-04
  4.1299851052989595E-04
 -3.8551940183988810E-04
  3.5990128732946831E-04
 -3.3601530443983088E-04
  3.1374172327213980E-04
 -2.9296928869242226E-04
  2.7359460982593139E-04
 -2.5552159359403453E-04
  2.3866091918035883E-04
 -2.2292955052408204E-04
  2.0825028413914997E-04
 -1.9455132974285932E-04
  1.8176592134952428E-04
 -1.6983195664701552E-04
  1.5869166262273739E-04
 -1.4829128554871284E-04
  1.3858080356181872E-04
 -1.2951366020467605E-04
  1.2104651739864295E-04
 -1.1313902643648481E-04
  1.0575361567256225E-04
 -9.8855293691919960E-05
  9.2411466816127359E-05
 -8.6391769895557890E-05
  8.0767909403981449E-05
 -7.5513517930873313E-05
  7.0604019224756068E-05
 -6.6016503010104678E-05
  6.1729608850237796E-05
 -5.7723418388894767E-05
  5.3979355345898952E-05
 -5.0480092695702118E-05
  4.7209466492366344E-05
 -4.4152395852788659E-05
  4.1294808638841659E-05
 -3.8623572420299907E-05
  3.6126430325779933E-05
 -3.3791941425226812E-05
  3.1609425306542001E-05
 -2.9568910543562677E-05
  2.7661086765306421E-05
 -2.5877260069366504E-05
  2.4209311530878996E-05
 -2.2649658587294532E-05
  2.1191219087014133E-05
 -1.9827377813798444E-05
  1.8551955305948898E-05
 -1.7359178809151118E-05
  1.6243655208729744E-05
 -1.5200345802772912E-05
  1.4224542784787227E-05
 -1.3311847316376850E-05
  1.2458149078568517E-05
 -1.1659607198037416E-05
  1.0912632453469079E-05
 -1.0213870672988700E-05
  9.5601872405688663E-06
 -8.9486526355784360E-06
  8.3765289347260634E-06
 -7.8412572102329673E-06
  7.3404457647401844E-06
 -6.8718591441432615E-06
  6.4334078788676608E-06
 -6.0231389009244145E-06
  5.6392265955352259E-06
 -5.2799644406080774E-06
  4.9437571990608257E-06
 -4.6291136231362548E-06
  4.3346396406041951E-06
 -4.0590319873191100E-06
  3.8010722595856028E-06
 -3.5596213564255567E-06
  3.3336142873672764E-06
 -3.1220553209941019E-06
  2.9240134521317454E-06
 -2.7386181664569281E-06
  2.5650554832186588E-06
 -2.4025642579065742E-06
  2.2504327271083164E-06
 -2.1079952807323695E-06
  1.9746294457347360E-06
 -1.8497530679615412E-06
  1.7328216789978165E-06
 -1.6233260358317589E-06
  1.5207898220230760E-06
 -1.4247674999465452E-06
  1.3348423036581354E-06
 -1.2506243640020109E-06
  1.1717489562918650E-06
 -1.0978748633789842E-06
  1.0286828459312381E-06
 -9.6387421312835805E-07
  9.0316948719487936E-07
 -8.4630715526211071E-07
  7.9304250349274743E-07
 -7.4314652706277396E-07
  6.9640491211864882E-07
 -6.5261708383266169E-07
  6.1159531740321251E-07
 -5.7316390653281476E-07
  5.3715838692170467E-07
 -5.0342480985799760E-07
  4.7181906396761983E-07
 -4.4220624042966541E-07
  4.1446004034223536E-07
 -3.8846222014801719E-07
  3.6410207345441839E-07
 -3.4127594655840478E-07
  3.1988678525063628E-07
 -2.9984371141255082E-07
  2.8106162666870474E-07
 -2.6346084218549586E-07
  2.4696673199191221E-07
 -2.3150940918411014E-07
  2.1702342272041051E-07
 -2.0344747397122574E-07
  1.9072415157019939E-07
 -1.7879968322778265E-07
  1.6762370371193140E-07
 -1.5714903765237427E-07
  1.4733149635245399E-07
 -1.3812968758143119E-07
  1.2950483771648316E-07
 -1.2142062517067669E-07
  1.1384302449966259E-07
 -1.0674016066302147E-07
  1.0008217225274469E-07
 -9.3841083943004649E-08
  8.7990686585358923E-08
 -8.2506425463454902E-08
  7.7365295134867421E-08
 -7.2545741556257766E-08
  6.8027569817288674E-08
 -6.3791858503850343E-08
  5.9820878562925561E-08
 -5.6098018405444082E-08
  5.2607712735426819E-08
 -4.9335376726864521E-08
  4.6267343830816098E-08
 -4.3390807853309418E-08
  4.0693768544528139E-08
 -3.8164980644729065E-08
  3.5793906299926061E-08
 -3.3570670314588041E-08
  3.1486018364857815E-08
 -2.9531277757255608E-08
  2.7698320825461649E-08
 -2.5979530468444399E-08
  2.4367767970917503E-08
 -2.2856342866326574E-08
  2.1438984608660097E-08
 -2.0109816263875552E-08
  1.8863329469651732E-08
 -1.7694361479144736E-08
  1.6598073107548955E-08
 -1.5569928727424229E-08
  1.4605676687374686E-08
 -1.3701332017983606E-08
  1.2853158971293349E-08
 -1.2057656068907170E-08
  1.1311540667653363E-08
 -1.0611735880169605E-08
  9.9553569657383065E-09
 -9.3396999255761746E-09
  8.7622294913829036E-09
 -8.2205691677814107E-09
  7.7124907061872985E-09
 -7.2359052097614821E-09
  6.7888541070256563E-09
 -6.3695012244031060E-09
  5.9761248341605758E-09
 -5.6071107986590740E-09
  5.2609455013340255E-09
 -4.9362098281387102E-09
  4.6315730575053920E-09
 -4.3457874222227272E-09
  4.0776829111751323E-09
 -3.8261623458545921E-09
  3.5901969232279654E-09
 -3.3688218163438528E-09
  3.1611322783538581E-09
 -2.9662798513495400E-09
  2.7834688579646555E-09
 -2.6119530836830754E-09
  2.4510327064914305E-09
 -2.3000514059172094E-09
  2.1583936528174338E-09
 -2.0254821259898545E-09
  1.9007753959922201E-09
 -1.7837656010646790E-09
  1.6739764778665917E-09
 -1.5709612359140777E-09
  1.4743008638931143E-09
 -1.3836023305878250E-09
  1.2984969743826560E-09
 -1.2186390252839735E-09
  1.1437040943428704E-09
 -1.0733879378916042E-09
  1.0074051433237612E-09
 -9.4548801756762958E-10
  8.8738538325538230E-10
 -8.3286170274596809E-10
  7.8169594735189568E-10
 -7.3368082026628239E-10
  6.8862181428840244E-10
 -6.4633651372782905E-10
  6.0665373331623298E-10
 -5.6941294509975559E-10
  5.3446346386692310E-10
 -5.0166401561089594E-10
  4.7088196933559035E-10
 -4.4199297107136421E-10
  4.1488031645693961E-10
 -3.8943451306621615E-10
  3.6555284639801728E-10
 -3.4313894256662698E-10
  3.2210237514071235E-10
 -3.0235830218188822E-10
  2.8382714881291456E-10
 -2.6643420097978641E-10
  2.5010939438771406E-10
 -2.3478698367153024E-10
  2.2040528556479264E-10
 -2.0690639962252975E-10
  1.9423601139917097E-10
 -1.8234315785233902E-10
  1.7118000484767466E-10
 -1.6070170155097119E-10
  1.5086610665819835E-10
 -1.4163373664555800E-10
  1.3296748977039707E-10
 -1.2483258617325502E-10
  1.1719636551954812E-10
 -1.1002821098504962E-10
  1.0329932715103228E-10
 -9.6982803837490004E-11
  9.1053227391790330E-11
 -8.5486918898912111E-11
  8.0261507715033029E-11
 -7.5356122599773343E-11
  7.0751084929551096E-11
 -6.6427983994340491E-11
  6.2369505522825767E-11
 -5.8559437897847034E-11
  5.4982501082052171E-11
 -5.1624463165938696E-11
  4.8471827692503993E-11
 -4.5512089725414156E-11
  4.2733337527695146E-11
 -4.0124543668073596E-11
  3.7675247305013890E-11
 -3.5375719385915262E-11
  3.3216768488730732E-11
 -3.1189777988697707E-11
  2.9286691486411506E-11
 -2.7499891671353961E-11
  2.5822293815598869E-11
 -2.4247184531759891E-11
  2.2768312222045275E-11
 -2.1379779892054449E-11
  2.0076048601137719E-11
 -1.8851955655372067E-11
  1.7702607245261433E-11
 -1.6623442410628660E-11
  1.5610167005240300E-11
 -1.4658756320392355E-11
  1.3765415897801588E-11
 -1.2926610844482913E-11
  1.2138994990300959E-11
 -1.1399444172283596E-11
  1.0705021541404580E-11
 -1.0052963570897442E-11
  9.4406790522576178E-12
 -8.8657479469005255E-12
  8.3258764042198276E-12
 -7.8189379546925934E-12
  7.3428991445199289E-12
 -6.8958975320598633E-12
  6.4761373029017346E-12
 -6.0819835349652721E-12
  5.7118341951629009E-12
 -5.3642587035802534E-12
  5.0378621480640926E-12
 -4.7313513738431427E-12
  4.4435235951144707E-12
 -4.1732298128763057E-12
  3.9194047047710291E-12
 -3.6810331186161875E-12
  3.4571707878768078E-12
 -3.2469455004585144E-12
  3.0495190732493914E-12
 -2.8641020965465035E-12
  2.6899780616420916E-12
 -2.5264453351748685E-12
  2.3728670099612701E-12
 -2.2286381880762006E-12
  2.0931711970786315E-12
 -1.9659519198062404E-12
  1.8464563999871401E-12
 -1.7342417563360802E-12
  1.6288445565859445E-12
 -1.5298609062791012E-12
  1.4368944681277054E-12
 -1.3495820756226578E-12
  1.2675786965421679E-12
 -1.1905658601826001E-12
  1.1182218518980579E-12
 -1.0502944786338492E-12
  9.8647282250999203E-13
 -9.2655531048733483E-13
  8.7024344211528321E-13
 -8.1737876022062475E-13
  7.6770805023614820E-13
 -7.2105749720243390E-13
  6.7723711426192661E-13
 -6.3607653329294797E-13
  5.9740370685803175E-13
 -5.6108244573113388E-13
  5.2696995254579323E-13
 -4.9491648703209483E-13
  4.6482555243425734E-13
 -4.3654093688016532E-13
  4.0999893843587697E-13
 -3.8503858711981780E-13
  3.6163016324262355E-13
 -3.3960715765275951E-13
  3.1896190730376689E-13
 -2.9954546824201132E-13
  2.8133900922232699E-13
 -2.6422922683280715E-13
  2.4819221871108939E-13
 -2.3310116326854429E-13
  2.1898021669984231E-13
 -2.0569161934520745E-13
  1.9325800215059902E-13
 -1.8155793718776270E-13
  1.7061233061726012E-13
 -1.6032723067285424E-13
  1.5070577342949204E-13
 -1.4166249552795213E-13
  1.3320750156901411E-13
 -1.2527635496331782E-13
  1.1784938327086648E-13
 -1.1089323785320776E-13
  1.0437669606648394E-13
 -9.8280853582112241E-14
  9.2574537107140110E-14
 -8.7244588491451960E-14
  8.2260885386616772E-14
 -7.7615741997532732E-14
  7.3271725576988882E-14
 -6.9214659948099563E-14
  6.5425680603213901E-14
 -6.1893854669017891E-14
  5.8594880811447316E-14
 -5.5526603160112022E-14
  5.2647128325936381E-14
 -4.9963232733748174E-14
  4.7458010756074267E-14
 -4.5097082874992759E-14
  4.2883390597012670E-14
 -4.0797789317807296E-14
  3.8816659518086811E-14
 -3.6928591638468311E-14
  3.5124760835484289E-14
 -3.3379899876146507E-14
  3.1691875529431317E-14
 -3.0044975937984177E-14
  2.8433223730160634E-14
 -2.6842566876071006E-14
  2.5261294693071682E-14
 -2.3692394663277574E-14
  2.2116762506543980E-14
 -2.0547203576781741E-14
  1.8964893316363469E-14
 -1.7395938840160160E-14
  1.5812910026286957E-14
 -1.4246279065299145E-14
  1.2694571123031852E-14
 -1.1167499952397235E-14
  9.6880613130209378E-15
 -8.2486061552943592E-15
  6.8795801711276361E-15
 -5.5788603844793518E-15
  4.3922650752820588E-15
 -3.3013870583674381E-15
  2.3484801615780395E-15
 -1.5220858951513643E-15
  8.7843976728574407E-16
 -3.9061206658257905E-16
  1.0715704398712808E-16
