                     256
                  0.9650
                  0.7645
  8.7964351009103989E+00
  2.3995922031443744E+01
 -1.9919104597846862E+00
  4.9483673426011938E+00
 -8.3019764323221290E-01
  1.7615323882204239E+00
 -3.5299343280526524E-01
  7.2183471350493977E-01
 -1.5134582172600358E-01
  3.1703510875334889E-01
 -6.6563474374713924E-02
  1.4629308635427773E-01
 -3.0512927901128275E-02
  7.0262582592185777E-02
 -1.4662140314414762E-02
  3.4856068527527755E-02
 -7.3539010714223094E-03
  1.7732673605622855E-02
 -3.8126934670667345E-03
  9.1938412317037581E-03
 -2.0221530156221738E-03
  4.8337381983987000E-03
 -1.0879009527602491E-03
  2.5676541039032857E-03
 -5.9026739216085902E-04
  1.3745344833553344E-03
 -3.2188967335758725E-04
  7.4033142489768691E-04
 -1.7612393847449913E-04
  4.0078600566854580E-04
 -9.6627639329123301E-05
  2.1795301608549492E-04
 -5.3152188212223024E-05
  1.1902352420060918E-04
 -2.9318074585390415E-05
  6.5257225215131364E-05
 -1.6218003604400334E-05
  3.5914428132523373E-05
 -8.9971668965320614E-06
  1.9836411488815730E-05
 -5.0048600060316402E-06
  1.0992653679361592E-05
 -2.7908182256007420E-06
  6.1102988962806118E-06
 -1.5594431649965035E-06
  3.4057207704369542E-06
 -8.7286650495893159E-07
  1.9028693698990166E-06
 -4.8924733990987570E-07
  1.0654624613998903E-06
 -2.7454187990564525E-07
  5.9770627645191496E-07
 -1.5421475357407093E-07
  3.3586706145750937E-07
 -8.6707428972208509E-08
  1.8901849903744515E-07
 -4.8798428584349689E-08
  1.0652244602112436E-07
 -2.7491602980214410E-08
  6.0107937321013372E-08
 -1.5505044394193718E-08
  3.3957638896454556E-08
 -8.7550336775099737E-09
  1.9205374166613494E-08
 -4.9497140904715207E-09
  1.0873101896018366E-08
 -2.8019124001978139E-09
  6.1616249444879459E-09
 -1.5881232117276229E-09
  3.4947317168841316E-09
 -9.0128463021442647E-10
  1.9836983699953418E-09
 -5.1212182810446503E-10
  1.1268058780815064E-09
 -2.9133921106213216E-10
  6.4048057052440066E-10
 -1.6592714146029115E-10
  3.6426903306494136E-10
 -9.4603338970494077E-11
  2.0729014399185338E-10
 -5.3993655408097997E-11
  1.1802138147473329E-10
 -3.0846301494691616E-11
  6.7229307062355373E-11
 -1.7638606223338894E-11
  3.8314820264487212E-11
 -1.0094874005081732E-11
  2.1846534319813144E-11
 -5.7821116689205683E-12
  1.2462538356651244E-11
 -3.3143270873966234E-12
  7.1127954532448388E-12
 -1.9010516162726997E-12
  4.0614746643081978E-12
 -1.0910381312085942E-12
  2.3202559426844511E-12
 -6.2649520391422417E-13
  1.3262264433769210E-12
 -3.5997403113695246E-13
  7.5850425455015705E-13
 -2.0696530781406179E-13
  4.3409622202316815E-13
 -1.1914166541630768E-13
  2.4867411376845793E-13
 -6.8706953795526860E-14
  1.4263534403264573E-13
 -3.9709162911725298E-14
  8.1898091818148477E-14
 -2.2973005234573985E-14
  4.7041063147951840E-14
 -1.3305499245292480E-14
  2.7074183434300946E-14
 -7.7529032556710513E-15
  1.5625876843903088E-14
 -4.5484666933463307E-15
  9.0250788754171281E-15
 -2.6333409607202909E-15
  5.1462987850739560E-15
 -1.4402409867619340E-15
  2.8470495492528403E-15
 -6.9720544955112550E-16
  1.4841917180267229E-15
 -2.5133823264024653E-16
  7.3668020009547883E-16
 -7.3399828974075325E-17
  4.0436416631749160E-16
 -6.7722154484284575E-17
  2.7656880665439583E-16
 -1.0484453631455635E-16
  2.4179623955307232E-16
 -1.3329881279922498E-16
  2.0179737083014651E-16
 -1.1388599198887226E-16
  1.4388156705986943E-16
 -8.4409630191428197E-17
  9.9987227903786693E-17
 -8.2475496620148065E-17
  9.4758805955868593E-17
 -5.8973070841886843E-17
  6.0496729374957876E-17
 -1.0649355533236167E-17
 -1.7646089386718343E-17
  9.1739449384950816E-17
 -1.4115227398908355E-16
  2.0863757453560470E-16
 -2.6070984511264513E-16
  3.1166860667276594E-16
 -3.4716425334930927E-16
  3.6512688276052723E-16
 -4.0107672102325056E-16
  3.9605205768224513E-16
 -4.0816259875083519E-16
  3.7153016174599345E-16
 -3.4222326727361405E-16
  2.8689331856401318E-16
 -2.3405193063606784E-16
  1.8737826891545590E-16
 -1.4881770102509471E-16
  1.1636747820003780E-16
 -9.4321834123389104E-17
  6.6234066103517825E-17
 -5.6012574172797153E-17
  3.0445743519284874E-17
 -2.5139377511960298E-17
  4.4357442872106003E-18
  5.9965702982275357E-18
  1.3272483700937276E-18
  9.5880257058310935E-19
  1.7710066945932800E-17
 -2.4078925627413684E-17
  4.6025021093839156E-17
 -3.6221653690548032E-17
  5.0146613940183541E-17
 -3.9658746065293665E-17
  6.1710940076746822E-17
 -4.9676595421773540E-17
  6.0333076227091997E-17
 -4.7588047850217973E-17
  5.1744401915870883E-17
 -2.4256733474711627E-17
  1.2848067081345549E-17
  2.2104159425774959E-17
 -2.8366895991088181E-17
  6.4316078677837044E-17
 -7.7430748870013745E-17
  1.2138769776207870E-16
 -1.2905707434172844E-16
  1.5170965107991086E-16
 -1.4765137064331162E-16
  1.4408849670572484E-16
 -1.2435480478171281E-16
  1.0683581534863317E-16
 -8.1221032722875765E-17
  6.8477117118885095E-17
 -5.7043730649499251E-17
  6.1357281004809664E-17
 -6.9896931217767621E-17
  8.8559371369513752E-17
 -9.1630174294511008E-17
  1.1428586833053333E-16
 -1.1989447287818578E-16
  1.2763184547114831E-16
 -1.2574221636137961E-16
  1.1942230172049304E-16
 -1.0340136109427340E-16
  9.5073814727310470E-17
 -6.9860562726406506E-17
  6.1638445275723870E-17
 -3.9928757305160802E-17
  3.2726594162672480E-17
 -1.9519979777308346E-17
 -9.8914195638818068E-19
  1.6714801824753427E-17
 -3.9714925269708095E-17
  5.1177022141578786E-17
 -4.8567755808661927E-17
  3.4482370200454271E-17
 -1.1950311093970459E-17
 -2.7034562010273122E-17
  5.7726896963663745E-17
 -9.3811082988449156E-17
  1.1871440327524426E-16
 -1.3024027918280920E-16
  1.2942361607006889E-16
 -1.3272196412754065E-16
  1.1876772564785298E-16
 -1.1555603029619427E-16
  1.1280678335516115E-16
 -1.1659390337326227E-16
  1.2507663017771051E-16
 -1.3410167932401180E-16
  1.4426253198230359E-16
 -1.5647545273633810E-16
  1.7034823821523276E-16
 -1.9533229298198237E-16
  2.2542559242356618E-16
 -2.5253428000032674E-16
  2.8770052083540575E-16
 -3.0942272630155306E-16
  3.3205623621967466E-16
 -3.2072286990145401E-16
  3.1636735377724507E-16
 -2.7392832355235001E-16
  2.5769534515030603E-16
 -2.1323387948853681E-16
  1.9151905653906497E-16
 -1.5409434622203470E-16
  1.3906941356929765E-16
 -1.2257126848634551E-16
  1.1377828501471118E-16
 -1.0363119987050412E-16
  9.7095619297276594E-17
 -7.9358729514152762E-17
  5.7180478519122661E-17
 -2.9744995238017125E-17
  1.7695230261844479E-17
