                     128
                  0.9000
      0.6267890062732588
  2.8936822903158750E+00
  6.1881273811623076E+00
 -5.3072267929206973E-01
  8.7204360702505856E-01
 -1.3201928206885155E-01
  2.0206023280156504E-01
 -3.3769070677979914E-02
  5.4436882191541851E-02
 -9.4163194347163630E-03
  1.6091915348432004E-02
 -2.8493748727746221E-03
  5.0529735059565229E-03
 -9.1354962967845580E-04
  1.6524234938395425E-03
 -3.0479463351435751E-04
  5.5610782678325711E-04
 -1.0459192724508639E-04
  1.9115299644801857E-04
 -3.6627722744280643E-05
  6.6768943025128250E-05
 -1.3019026979343896E-05
  2.3614323539439097E-05
 -4.6788930222528924E-06
  8.4343063631781422E-06
 -1.6957491482882736E-06
  3.0364078990409327E-06
 -6.1870453455405413E-07
  1.1002340092423165E-06
 -2.2701105446784198E-07
  4.0082477360450583E-07
 -8.3713254650491748E-08
  1.4669265233646341E-07
 -3.1016553120316807E-08
  5.3897063762315689E-08
 -1.1544495686885759E-08
  1.9870202944974239E-08
 -4.3159362190285124E-09
  7.3475892830915048E-09
 -1.6202960985484319E-09
  2.7243289984122727E-09
 -6.1062072762109510E-10
  1.0126332570295300E-09
 -2.3087386766351739E-10
  3.7728093352395595E-10
 -8.7521140018677167E-11
  1.4088685156099057E-10
 -3.3240033973563501E-11
  5.2730720826670892E-11
 -1.2638565611818298E-11
  1.9781019204405304E-11
 -4.8076820163273420E-12
  7.4374486965672082E-12
 -1.8287426295729166E-12
  2.8026863005433388E-12
 -6.9536635699515242E-13
  1.0584323337749219E-12
 -2.6428148982064835E-13
  4.0050147386846534E-13
 -1.0037503131390959E-13
  1.5179498636975395E-13
 -3.8079777875750630E-14
  5.7586041798789632E-14
 -1.4417021258708004E-14
  2.1861957378217555E-14
 -5.4597573931642787E-15
  8.3008988494146532E-15
 -2.0342164727000086E-15
  3.1072941965715207E-15
 -7.2532070947999886E-16
  1.1498383654710179E-15
 -2.5736284157196267E-16
  4.3921937890286007E-16
 -1.1050135196765546E-16
  1.8027407352665652E-16
 -5.4638481999170251E-17
  7.0458275548274654E-17
 -1.5516702468771646E-17
  1.8758959433599341E-17
  1.0780616119485571E-17
 -8.1140286653448691E-18
  1.5102917413221177E-17
 -5.3745404604800551E-18
 -1.2032111928774149E-17
  3.2068208450431567E-17
 -5.4736402126692799E-17
  8.0741437428608131E-17
 -9.4937497814934390E-17
  9.8311214696111851E-17
 -8.9365107684926429E-17
  7.4116607960220273E-17
 -6.4219269375209893E-17
  4.7901262136525793E-17
 -4.3684605688393496E-17
  3.0829434594217337E-17
 -4.0997852532561632E-17
  4.3047219020235600E-17
 -5.5642628630729049E-17
  4.9327255472458601E-17
 -4.0047378470232159E-17
  3.1519530136761737E-17
 -2.4148354828516118E-17
  2.7052526148760317E-17
 -2.0372228955675342E-17
  1.2464604943023829E-17
 -5.2308744396300840E-18
 -5.6819547994526328E-18
  5.3363739037795947E-18
 -5.1522456038578179E-18
 -1.1087601333152364E-17
  2.1196292486166603E-17
 -2.7747733357154538E-17
  2.3842080295753042E-17
 -1.2375735362778106E-17
  8.8300547387706812E-18
  9.7198575096133133E-19
 -3.2138730145646318E-18
  1.4033913348313483E-17
 -1.4480787925771283E-17
  1.5116802708257740E-17
 -7.7283238212832489E-18
  4.5758839942564337E-19
  3.2054103808196573E-18
  2.7272538836686905E-18
 -7.0867998359691521E-18
  1.0481517153582880E-17
 -1.0511193353582320E-17
  7.3927454093317350E-18
 -6.7707741741037525E-18
