                     128
                  0.4821
      0.0000000000000000
  2.5505123345832287E-01
  2.1089218319151115E-01
 -5.7328200650903161E-02
  1.9198096316222490E-02
 -7.0230092110874724E-03
  2.7131508965645770E-03
 -1.0887922881310289E-03
  4.4920315574437737E-04
 -1.8921290498520027E-04
  8.0983599051038654E-05
 -3.5101606350663935E-05
  1.5370643965313745E-05
 -6.7875968488159964E-06
  3.0186274042355642E-06
 -1.3505627972152379E-06
  6.0739252778879202E-07
 -2.7439844902069371E-07
  1.2445516286438819E-07
 -5.6645556289077158E-08
  2.5862779969308066E-08
 -1.1841352032293333E-08
  5.4353177053803962E-09
 -2.5005966752590473E-09
  1.1528390226251341E-09
 -5.3250365893742916E-10
  2.4639820868841791E-10
 -1.1419672612649198E-10
  5.3005120790589160E-11
 -2.4636713320920484E-11
  1.1465850079930356E-11
 -5.3425721644495112E-12
  2.4921893608342773E-12
 -1.1637690535128342E-12
  5.4397367866990468E-13
 -2.5450234218630024E-13
  1.1917660015920986E-13
 -5.5854310883667588E-14
  2.6195992649828952E-14
 -1.2293565397364633E-14
  5.7727074794350221E-15
 -2.7135216346324560E-15
  1.2765007100259600E-15
 -6.0182021877554188E-16
  2.8368554298058668E-16
 -1.3329544553769067E-16
  6.2322111798420240E-17
 -2.6913521731144814E-17
  1.1489729615994314E-17
 -7.2888229052669762E-18
  3.5112899227065551E-18
  1.7051803933899697E-19
 -2.1543527125796918E-18
  2.2345903294424699E-18
 -1.8441803579031581E-18
  1.3418997425348624E-18
 -1.2267550619722147E-18
  1.1011570778561621E-18
 -1.8159584413576638E-18
  2.6166164449025332E-18
 -2.2644865649912723E-18
  1.2203136129329851E-18
 -1.4687586064613842E-19
  4.3970867832541580E-19
 -2.2190644020822438E-20
 -1.0985163004755929E-18
  2.7842297663672270E-19
  6.9002079363150047E-19
 -7.5309124571680653E-19
  8.9550783937578799E-20
  2.1243581305532449E-19
 -1.9845190742117829E-19
  7.0203738794975915E-19
 -9.7080812372271223E-19
  1.3979042831520592E-18
 -1.1304306723949716E-18
  7.9001790458037513E-19
 -7.4069762705082432E-19
  1.0222599424338625E-18
 -1.0209406517903635E-18
  7.6910124532763154E-19
 -4.8642640136871595E-20
 -7.1077638246819365E-19
  6.5980630082897927E-19
 -1.0775580038576743E-18
  1.8453421033639360E-18
 -1.2125782179000467E-18
 -5.6612500486192968E-19
  1.4551084173779926E-18
 -9.9936767130139144E-19
  2.0885941886027941E-19
  4.5277263546392713E-19
 -1.1562773915174094E-19
  2.9971965220446255E-19
 -1.1314171266313691E-18
  7.7613549214334064E-19
  3.5107611613159856E-19
 -1.0340669292058831E-18
  1.0435411692124282E-18
 -1.6946550724178176E-18
  1.7505657597824287E-18
 -6.8903112685899875E-19
  2.3495298396172795E-19
 -9.2856420183697868E-19
  1.4360021474156733E-18
 -1.3890271291588794E-18
  7.1715436281369547E-19
 -4.8726712769544967E-19
  5.8453390216112055E-19
 -2.4411933835995394E-19
 -4.6930865323783347E-19
  8.7457226940131022E-19
 -5.4671216695460861E-19
  2.5955709538862188E-19
  1.4166981497519232E-19
 -6.2752356254339215E-19
  9.6515988155288671E-19
 -6.6599243172337593E-19
 -3.3464078696810542E-19
  1.0530933749173152E-19
  8.2792415416874972E-19
 -1.1827538928809152E-18
  1.2511033336290934E-18
 -7.3147960042865725E-19
  4.6136940832497532E-19
 -7.0898530378025991E-19
  1.1503404694041280E-18
 -6.7560542365315875E-19
  1.0747503723610860E-19
