                     128
                  0.6000
                  0.0000
  4.4545835644416204E-01
  4.3760750754555094E-01
 -1.5068733973085183E-01
  6.4271807864298286E-02
 -2.9783705352369964E-02
  1.4461137704942029E-02
 -7.2516182013223863E-03
  3.7265452616875141E-03
 -1.9523697502008156E-03
  1.0388067576241815E-03
 -5.5969645177904987E-04
  3.0467515460284763E-04
 -1.6727531113993466E-04
  9.2501291649621013E-05
 -5.1466085351968072E-05
  2.8786066694632539E-05
 -1.6174583359321150E-05
  9.1249324688592778E-06
 -5.1661895040292978E-06
  2.9341781692238146E-06
 -1.6712278740311518E-06
  9.5432546814050685E-07
 -5.4621638293385815E-07
  3.1329252408619187E-07
 -1.8004198725082194E-07
  1.0364946858986318E-07
 -5.9768052685711088E-08
  3.4516442909382710E-08
 -1.9961350885503504E-08
  1.1558938116359338E-08
 -6.7014933683691718E-09
  3.8897010549825450E-09
 -2.2600627173428707E-09
  1.3144859698189661E-09
 -7.6523837273498038E-10
  4.4588127023071648E-10
 -2.6001704348579136E-10
  1.5174859319936477E-10
 -8.8627719046854680E-11
  5.1798802283587523E-11
 -3.0294207398688342E-11
  1.7728615818957486E-11
 -1.0381308138831745E-11
  6.0824556302547123E-12
 -3.5656915969708024E-12
  2.0913918484306642E-12
 -1.2272796167652714E-12
  7.2054083245365659E-13
 -4.2322641773363717E-13
  2.4870074546715684E-13
 -1.4620484076847039E-13
  8.5984260257130329E-14
 -5.0587087569060928E-14
  2.9772659362975971E-14
 -1.7528407734136260E-14
  1.0322618722763824E-14
 -6.0809135468507913E-15
  3.5831074602924351E-15
 -2.1121259602776232E-15
  1.2460476069257543E-15
 -7.3445739567304822E-16
  4.3262555837826656E-16
 -2.5517850601961348E-16
  1.5212996209962045E-16
 -9.1483800912329325E-17
  5.4526729616629302E-17
 -3.3743704045164960E-17
  2.2633022884212318E-17
 -1.6192911330542594E-17
  1.1386081878912873E-17
 -7.8707658408239248E-18
  4.0611792688547118E-18
 -4.9590377841531667E-19
 -3.9091976440002717E-19
 -5.5158619794036966E-19
  1.3066506035057239E-18
 -1.6361511790616096E-18
  1.3732003734894033E-18
 -9.5650160057353129E-19
  7.9604155059750235E-19
 -3.5149003010838516E-19
 -6.1121229462416280E-19
  6.0813289549919253E-19
 -6.7209513831686874E-19
  1.2323629481235170E-18
 -1.7250745282127901E-18
  1.2528930653825298E-18
  1.0612567103868333E-19
 -8.4661879334995042E-19
  1.1456218373752310E-18
 -1.3307964571763141E-18
  9.8592874168977841E-19
 -1.1069317453693622E-18
  9.4268484868071368E-19
 -9.0450319410800273E-20
 -7.8273336239549433E-19
  5.2883341075475480E-19
  7.5870130230938687E-19
 -1.9862581234749618E-18
  3.0813013587020284E-18
 -4.0012926071369077E-18
  4.1650069023102144E-18
 -3.2383823828092245E-18
  1.9595822080129748E-18
 -1.3009839245385965E-18
  5.3378983283677296E-19
  2.7243452466904888E-19
 -6.6794676132014284E-19
  9.5829582449324396E-20
  3.1522242509182496E-19
  1.2115212609402301E-19
 -8.1174503229430268E-20
 -8.3716793553127957E-20
  5.0496139096214387E-19
 -5.1247526354443833E-19
 -3.9848822920748197E-19
  1.2499042140559643E-18
 -1.3366753556854917E-18
  8.0620337899548350E-19
 -8.9194251329804928E-20
 -7.4568316200488128E-19
  9.3537794422883323E-19
 -9.8007754304412499E-20
 -5.6558965950401685E-19
  7.2854647872636411E-19
 -6.7515349622227017E-19
  1.7272951646813276E-19
  4.7556927997131957E-20
