                     128
                  0.1200
      0.0000000000000000
  1.4405908959284570E-02
  3.4094758181081940E-03
 -2.0739735586773167E-04
  1.6597436203639029E-05
 -1.4937408245553335E-06
  1.4339673611708350E-07
 -1.4339510548644741E-08
  1.4749089085894349E-09
 -1.5486446116423317E-10
  1.6518792898107514E-11
 -1.7840203483893670E-12
  1.9461803743784807E-13
 -2.1402335012363108E-14
  2.3694444926580543E-15
 -2.6379740959876921E-16
  3.0686852213621156E-17
 -3.4840990777364031E-18
  2.1262990537606485E-18
 -2.0722206754852196E-18
  1.7128267393845654E-18
 -2.1881525534347637E-19
 -6.6687319789601748E-19
  2.9294133489466732E-19
 -1.0537361997598069E-18
  2.3090460380986996E-18
 -1.4705757487126686E-18
 -3.8147057870455468E-19
  5.6389748274151182E-19
 -1.0507078401912640E-18
  1.8323540132700905E-19
 -1.0187904184252677E-19
 -6.0382210391931221E-20
  3.5218083226330714E-19
 -6.6022509436882429E-19
 -1.6537325260290854E-19
 -8.6475639596204543E-19
  5.5791588219545404E-19
 -1.0221818236314752E-18
  4.7621375555206116E-19
 -1.3551993237393375E-19
 -3.6210106080691917E-19
  4.2285410396899286E-19
 -2.3108617816134257E-19
  6.4745080926813534E-19
  3.6651682155415579E-20
  1.0318037559462260E-20
 -2.9847828059375425E-19
  6.4266440782074874E-19
  3.7803129752886187E-19
 -1.3756339829285819E-19
 -2.5389987346975479E-19
 -3.5429389662881393E-19
  1.1822488969509013E-19
 -9.3758418132116091E-19
  2.4558800425401664E-19
  3.5715273427034352E-19
 -2.0721973046540517E-19
 -8.7788792133681945E-21
  1.3217828999126349E-19
  1.6964655012874219E-19
 -4.1249477179081007E-20
 -6.4477560936725407E-20
  1.1061406279735907E-19
  3.0723862288117898E-19
  1.3468139374539962E-19
  2.0365116436455950E-19
  3.7493917499578689E-19
 -5.5939410552476150E-19
  2.0552830158638491E-20
 -4.6691862231078834E-19
 -1.8330872954529682E-20
  3.3740781663040075E-19
 -2.3245380512560387E-20
  2.2030860516076446E-19
  1.2122265090480956E-19
 -1.3326960119107846E-19
 -5.2895707310743271E-20
 -1.4103622277043013E-20
 -1.4173673217571217E-19
  3.3029277549683351E-19
 -2.6253822948558014E-20
  7.9849968985172122E-20
 -1.3458839699586017E-19
 -1.5278839327857974E-19
  3.1263109410307610E-20
  1.6679745761783443E-19
 -2.0496562857945004E-19
  1.5814274524049818E-19
  1.5364899675278967E-19
 -1.2821165342599670E-19
 -2.3389508109897469E-20
 -3.3029574994420152E-19
  5.4634871429163895E-19
 -4.8136550681082735E-19
  3.9548880160161336E-19
 -3.5722082486597917E-19
 -2.5106168491787585E-20
 -1.0847595798130598E-19
 -1.3304785986841268E-19
  1.8992472849542403E-19
 -1.4807860868913814E-19
 -1.7172929703483186E-19
 -5.0446405433891626E-20
 -6.8970638502831794E-20
  2.1571394543494608E-20
  1.8147669733092707E-19
  3.5254046356295970E-20
 -2.6666227851446748E-20
  1.1515728570989509E-19
  4.0098142227406045E-19
 -1.7098269770280572E-19
 -1.6484468530187190E-19
  1.0211107013625841E-19
 -2.7733708647773278E-19
  2.2262253177460854E-19
  9.6557274706046791E-20
  2.2030302299599154E-19
 -4.3230629724467933E-20
 -2.5756922698250940E-19
 -1.4428045131179253E-19
  5.7509968174857787E-20
  6.0461652998216476E-20
  2.5515931388850779E-19
 -2.1330511024667347E-19
  2.4515729093739547E-19
 -8.7508893197928556E-20
 -1.4464334636696465E-19
  6.9938826715534170E-20
