                     256
                  0.9300
      0.6800435279679763
  4.2658530972663318E+00
  1.0052819683434858E+01
 -8.7095328279712814E-01
  1.6633159143083958E+00
 -2.6873439527774751E-01
  4.6023620300413937E-01
 -8.3812859318569521E-02
  1.4652914949413326E-01
 -2.7376245101367418E-02
  5.0716846763094355E-02
 -9.5690931039180676E-03
  1.8635604778843868E-02
 -3.5587278734347493E-03
  7.1471124139347872E-03
 -1.3874487657437224E-03
  2.8265645746944667E-03
 -5.5929867201225309E-04
  1.1431500955539117E-03
 -2.3069900905088109E-04
  4.7007251465892662E-04
 -9.6659253004814172E-05
  1.9575036106008823E-04
 -4.0935091741187476E-05
  8.2318073866893905E-05
 -1.7467197119339031E-05
  3.4888888629140807E-05
 -7.4953027607176799E-06
  1.4882684391121231E-05
 -3.2309268189195143E-06
  6.3835155814755629E-06
 -1.3983133638709448E-06
  2.7512173185279759E-06
 -6.0746144340534911E-07
  1.1908382510511814E-06
 -2.6486360175262683E-07
  5.1744383319021521E-07
 -1.1589768869753129E-07
  2.2563081093178584E-07
 -5.0888272491545706E-08
  9.8698748951907923E-08
 -2.2416479069076335E-08
  4.3297494859034364E-08
 -9.9042121197036625E-09
  1.9042238483911910E-08
 -4.3879545982877367E-09
  8.3936768649550410E-09
 -1.9488720099600709E-09
  3.7072516125292986E-09
 -8.6752967458065696E-10
  1.6402808247480432E-09
 -3.8697400220475163E-10
  7.2688752494251053E-10
 -1.7294476112154636E-10
  3.2257576739527428E-10
 -7.7429011929378017E-11
  1.4333757399925893E-10
 -3.4723086769872443E-11
  6.3769768530248013E-11
 -1.5595392869780449E-11
  2.8403396055533093E-11
 -7.0141187998779882E-12
  1.2665137933395635E-11
 -3.1584494782241209E-12
  5.6536017361778332E-12
 -1.4237007029720301E-12
  2.5264660716394451E-12
 -6.4224453403010505E-13
  1.1301829865265090E-12
 -2.8982181195902454E-13
  5.0605509395485005E-13
 -1.3078471743324049E-13
  2.2679247778806173E-13
 -5.9012920326612457E-14
  1.0173473860905631E-13
 -2.6634832973014646E-14
  4.5700781836448240E-14
 -1.2038989328357690E-14
  2.0584872770650155E-14
 -5.4644070508090026E-15
  9.3006998471345470E-15
 -2.4981497289270299E-15
  4.2086600864795978E-15
 -1.1468852238910803E-15
  1.9450986234802132E-15
 -5.8349739937728601E-16
  9.5028249543804487E-16
 -3.2192552886863763E-16
  4.7682655165955916E-16
 -1.8432859236816496E-16
  2.2924703512115071E-16
 -7.8893078771240079E-17
  8.3885152095071365E-17
 -1.0450407190205974E-17
  1.8532105774795262E-17
 -1.6302828573566368E-18
 -3.9458410603030693E-19
  1.4926048754078768E-17
 -3.6069082296424088E-17
  4.3938962425029760E-17
 -4.4766403241498034E-17
  3.3935886322275662E-17
 -1.6983830832333487E-17
 -3.8118385155978174E-18
  1.4208556275775489E-17
 -1.9432691062055660E-17
  7.4618803233741787E-18
 -6.2262981313220600E-20
 -7.1371603957228952E-18
  1.9802211378577387E-17
 -2.3539750123334494E-17
  3.1383637196238005E-17
 -4.4151577833163465E-17
  5.6605924112287702E-17
 -6.8997446239977008E-17
  7.7396242815682742E-17
 -8.4761093845008246E-17
  1.0257374043101020E-16
 -1.0165043989129911E-16
  1.0640059605039041E-16
 -8.7100944567317241E-17
  7.1890853783565689E-17
 -5.2044540171755646E-17
  4.5409521834263840E-17
 -4.1552330167723431E-17
  3.4294246023261363E-17
 -3.3844050676656014E-17
  2.2848454641209061E-17
 -1.8246469479398766E-17
  9.6870678012480142E-18
 -7.7977077943081972E-18
  9.9819806632335044E-19
 -2.7468432576034670E-18
 -9.6890662562184012E-18
  1.8177527569454613E-17
 -2.6098565367698913E-17
  2.4822855990829511E-17
 -2.2250322431616713E-17
  6.9822603169546417E-18
 -4.1402646293391887E-18
 -1.2374063827280278E-17
  2.5697486986988999E-17
 -4.4530535121812803E-17
  5.2597459600965042E-17
 -5.1028694915486288E-17
  3.4073871123075865E-17
 -9.4279277922062082E-18
 -1.3913400578701355E-17
  4.3734742142254193E-17
 -5.8331600322101249E-17
  6.7400864716704309E-17
 -7.2775432031568816E-17
  7.4157659517044522E-17
 -8.0328589684863785E-17
  8.2292692053534197E-17
 -8.8717180710317518E-17
  8.7498123944900927E-17
 -8.2386794616834349E-17
  6.6837320941477271E-17
 -4.3198479740761812E-17
  1.6852379597013703E-17
 -2.4158124301560904E-18
 -1.2495371122970457E-17
  1.8345192303591774E-17
 -2.3022619086246133E-17
  1.7378288788454123E-17
 -1.6154833419232869E-17
  7.1061321027540071E-18
 -7.1732927605775989E-18
  9.6888684063076436E-18
 -1.4606916108267677E-17
  1.5215648827267476E-17
 -1.4949731404264998E-17
  5.7729276524330464E-18
  1.5796201902289554E-18
 -6.8350673615258685E-18
  1.0892517269923124E-17
 -4.5277616760815365E-18
 -1.2017089523832069E-18
  1.3124575265036030E-17
 -1.8988875359331896E-17
  2.2463609646070008E-17
 -2.6362345472843280E-17
  3.0924214443917728E-17
 -3.3919473158828889E-17
  3.5727532472078408E-17
 -3.1502487709828646E-17
  3.2013760138488146E-17
 -2.3300080461997885E-17
  1.4671557768201463E-17
 -1.8632798145272607E-18
 -5.7194842547013104E-18
  1.6843677066574797E-17
 -1.5698895302791871E-17
  2.0642531797729298E-17
 -1.9136214170813464E-17
  2.2885535829168434E-17
 -2.3922651070414831E-17
  2.8569279441400791E-17
 -2.8992110734981261E-17
  2.3569661679840249E-17
 -1.1919945238936131E-17
 -1.1617514642714604E-18
  1.2987064453974917E-17
 -1.9280815473492882E-17
  2.1420211636241189E-17
 -1.8153059666321446E-17
  1.4548188425082685E-17
 -9.8050108935867197E-18
  9.2799289787967061E-18
 -6.1164240430048708E-18
  1.2370382210577747E-18
  9.0581256913342515E-18
 -1.5574694369394076E-17
  2.1739902511320030E-17
 -2.2884401060275687E-17
  2.1374797142517196E-17
 -1.8343026377379490E-17
  1.0265611153937116E-17
 -1.8468606332594869E-18
 -1.1762862931074251E-17
  1.9313352468713817E-17
 -2.4541046456146004E-17
  2.2824280011902001E-17
 -1.5814976505259364E-17
  7.3035770409899667E-18
 -1.7243634192059808E-18
 -4.7806640445302099E-18
  1.0700963294855989E-17
 -1.0136407611511706E-17
  9.3281449305080920E-18
 -4.0968274985415257E-18
  2.5039716583192876E-18
  2.5018551852226310E-18
 -2.7676306337430507E-18
  1.1704142831511915E-18
  3.2675328390431341E-18
 -7.3956049296076365E-18
  1.3021310441775088E-17
 -1.5649067580689014E-17
  2.0621846615439691E-17
 -1.7025817913535490E-17
  1.3053931650119343E-17
 -7.8486725533439323E-18
  3.7934625726716512E-18
 -4.9716464651888165E-18
  6.7353123735266927E-19
  8.5742358412795091E-19
 -1.1706565125100307E-17
  1.8840300916912718E-17
 -2.7434532419004320E-17
  3.2604118807757117E-17
 -2.9578883896174763E-17
  2.4403277302399780E-17
 -1.5813994293725214E-17
  7.9755938185275616E-18
 -1.4588722171330938E-18
