                      32
                  0.0320
      0.0000000000000000
  1.0240021458370449E-03
  6.5469211107406790E-05
 -1.0485769192377114E-06
  2.2369681460982301E-08
 -5.3687228645252489E-10
  1.3743925484079764E-11
 -3.6650949567082166E-13
  1.0058060176617184E-14
 -2.8326763735670105E-16
  1.7230691331554906E-17
 -6.0850329137860877E-18
  2.3164609161190461E-18
 -7.0845431221139380E-19
 -4.3481904163375567E-19
 -2.3329008955595443E-18
 -5.8807893835603094E-19
  3.8526232878619450E-18
 -2.1577677962774705E-18
 -6.9905444692800409E-19
  2.2908763851833115E-18
 -1.1108683770244829E-18
 -5.2572443577087943E-19
  1.0788786025120611E-18
 -1.6978200009867953E-18
  1.2199635718515102E-18
 -1.1436106316295850E-18
 -1.2239550371693937E-18
  2.2529876951768508E-18
 -1.2326895131373780E-18
 -3.1768938896692989E-18
  1.1816638727823180E-18
 -4.8939164192408523E-19
