                     256
                  0.8200
      0.5215079014022350
  1.4546770562932363E+00
  2.5346370849636481E+00
 -1.9733133604076894E-01
  2.4430780679996300E-01
 -2.9911167421838896E-02
  3.8231974671865523E-02
 -5.2265044269241383E-03
  7.2082214069333411E-03
 -1.0499030531104659E-03
  1.4937370420523605E-03
 -2.2652800757893914E-04
  3.2732303725359959E-04
 -5.1094807309112833E-05
  7.4427546775947487E-05
 -1.1885070547933488E-05
  1.7375880473562541E-05
 -2.8278936822162236E-06
  4.1376647773668566E-06
 -6.8461442020593042E-07
  1.0005592014119677E-06
 -1.6800938747581658E-07
  2.4493791814087814E-07
 -4.1681209686906806E-08
  6.0562223133801743E-08
 -1.0432038650726912E-08
  1.5098363117841630E-08
 -2.6298321272780886E-09
  3.7901896788318563E-09
 -6.6692584602209413E-10
  9.5706283756538168E-10
 -1.6997921517182729E-10
  2.4288861275534946E-10
 -4.3506338309296434E-11
  6.1911485380238636E-11
 -1.1176076684189720E-11
  1.5841566444542648E-11
 -2.8800714137415721E-12
  4.0671886625316798E-12
 -7.4426743752901559E-13
  1.0473763910862176E-12
 -1.9281844195140644E-13
  2.7044222736338514E-13
 -5.0050810388488277E-14
  6.9985400295362090E-14
 -1.3009192660578831E-14
  1.8143289855039466E-14
 -3.3776245597481587E-15
  4.7031774893879438E-15
 -8.7559003837553600E-16
  1.2262407259237349E-15
 -2.3489959580114914E-16
  3.2295489334379807E-16
 -5.6202020687144983E-17
  7.0743892951394326E-17
 -1.8392379519829551E-18
  7.7653467820893314E-18
  7.5913502285305784E-18
 -6.1243511933421692E-18
  9.3909818562987323E-18
 -1.1239681435093461E-17
  1.3949750103720232E-17
 -8.7639348263422649E-18
  2.1987332807448762E-18
  4.5195146756452743E-18
 -1.0701228384445681E-17
  1.2515958173780205E-17
 -1.5140213721012618E-17
  1.0144005345248154E-17
 -5.7048226459197136E-18
  3.4934562681482961E-18
 -2.1169012838353983E-18
  1.5767800120642390E-18
  2.6266424216780259E-18
 -7.2810033970171276E-18
  9.6695010069937900E-18
 -4.4214125433216728E-18
  3.4222478032258573E-18
  1.2079953199387913E-19
 -6.7792482354717537E-19
  3.7134185321048231E-18
 -5.7872313761889607E-18
  4.5382385761155709E-18
 -3.0607209492752319E-18
 -5.5543908897473285E-19
  1.7925121053099817E-18
 -6.3347614552110746E-18
  1.0084973512646925E-17
 -1.2171020155541301E-17
  1.2691741090850826E-17
 -1.2471377427810239E-17
  1.0336341206058763E-17
 -5.9343740923751191E-18
  5.4511948314402671E-18
 -5.3020701359361935E-18
  4.9115824005871550E-18
 -3.6751730625842502E-18
  5.9840696003125132E-18
 -1.0137520249080068E-17
  1.0195076851702854E-17
 -7.7703267714788580E-18
  3.5929703571796727E-18
 -3.0531245781815171E-18
  3.1536159523143203E-18
 -2.8061876379155198E-18
 -5.4573375952017197E-19
  1.2476587004058801E-18
 -4.1587303560038285E-18
  6.4253124794281278E-18
 -5.5907836248067584E-18
  1.7527313801551608E-18
  2.9803219995701127E-18
 -6.1548614639453421E-19
 -3.8741446372678102E-20
 -2.7572644392097205E-19
  1.3724424345305595E-19
 -1.3710606982454170E-18
  1.5071655905870591E-18
 -2.4845014750805047E-18
 -2.7588330387122022E-19
  1.7622160719885824E-18
 -2.9466740918733035E-19
 -3.1131227928806003E-19
  6.5165809802596311E-19
  1.7844499007536319E-18
 -5.8106455385086644E-19
 -3.1086644112343336E-19
  4.9053084771085512E-19
 -1.3327188928883328E-18
  3.3127469241047950E-18
 -2.0811118535892128E-18
  1.1571266951599108E-18
  9.9105734011557918E-19
 -2.8063937960992482E-18
  4.2820271196122927E-18
 -5.7728822143852799E-18
  6.3630158127568105E-18
 -5.9039824811321362E-18
  5.6182273888313272E-18
 -2.1255367363824844E-18
  7.9176952815877843E-19
  2.6048212738647896E-19
  9.0769188483683675E-19
 -4.0473327844809914E-18
  5.2381106021526895E-18
 -3.0976861996827844E-18
  2.2145407755800827E-18
 -1.2805238926271546E-18
  5.2927949193947314E-19
  1.3118898504954435E-18
 -2.0341888343124871E-18
  1.5498323007249583E-18
 -3.9090523624662746E-18
  5.6742428616488418E-18
 -8.6304483459800668E-18
  1.0245549090774975E-17
 -1.0665547984417833E-17
  1.0285873044091999E-17
 -7.8630431344053471E-18
  6.3550626318518842E-18
 -3.7076965649634290E-18
  1.4419936337189383E-18
  5.8209924945418514E-19
 -1.0687406867989519E-18
  3.8183616196656117E-18
 -2.7901549558314187E-18
  7.6265931364654666E-19
  1.2042201435439202E-18
 -1.7916022202545580E-18
  2.7943669659309428E-18
 -7.8422803009622523E-19
 -1.7843519182208253E-19
  2.5287456195608624E-18
 -3.4405562622989592E-18
  4.2747653982116847E-18
 -5.9207430306067356E-18
  4.8853006922711887E-18
 -2.0705482666660685E-18
  1.1904605532293745E-18
 -1.9989837200847044E-18
  2.0117141715471684E-18
 -1.3172162468116846E-18
  2.0582081280654030E-19
  8.7711170491003491E-19
 -1.9655780912558949E-18
  1.0811371677809898E-18
 -1.6543638053752283E-18
  1.7040710219145393E-18
 -2.2124237608867090E-18
  1.3152735269094534E-18
 -9.8856072705141918E-19
 -6.8607232207221492E-19
  2.2677038248004235E-18
 -3.1743337105466520E-18
  3.4538722148520411E-18
 -3.1543689524793188E-18
  2.1645927434440610E-18
 -2.2961103532941831E-18
  1.9692196542631675E-18
 -1.6237462452543149E-18
  7.7857367523355254E-19
 -2.8459713242703131E-20
  7.3921275926632084E-19
 -2.7704023720779553E-18
  3.5729393219818691E-18
 -4.4508508719081666E-18
  3.4854064662227716E-18
 -3.6504456387742538E-18
  4.3075425305790494E-18
 -4.7860375313989836E-18
  5.7202301227878075E-18
 -6.3461981548259932E-18
  5.6085637111147903E-18
 -2.6777059596313819E-18
  6.8536581462289235E-19
  8.0312441722164345E-19
  1.2359630540151467E-19
 -8.9777239487588664E-19
  1.9546842398037495E-18
 -3.4945132995048893E-18
  4.7805123054453529E-18
 -3.9621370536908912E-18
  1.9524339039406160E-18
 -5.0473544499666520E-19
  6.3163207521266222E-20
 -6.0567338348745143E-19
 -3.7833071149271109E-19
  2.2023943112811064E-18
 -3.7765773806247297E-18
  5.2746064293218342E-18
 -6.2062728859839743E-18
  4.7173820912145986E-18
 -1.7538554898229522E-18
  2.1788729213556502E-19
 -3.5673034998570718E-19
  2.9541179632669208E-18
 -4.7384786151042697E-18
  5.1873299590580459E-18
 -4.6607996034738913E-18
  3.7949856472630265E-18
 -2.5020593634366334E-18
  2.5964514450245087E-18
 -3.1759123643760016E-18
  2.7106120229886574E-18
 -1.0589167358896424E-18
 -2.1270266742036155E-19
  1.6485227739370815E-18
 -1.9012805757578071E-18
  6.0143633324987526E-19
  9.7656990197754896E-19
 -1.3782975164825802E-18
  7.3919444362992340E-19
  1.4706289735756012E-18
 -2.2872959050048665E-18
  1.8237682045147470E-18
 -1.3688220716312419E-18
  4.6651153671961927E-19
