                     128
                  0.0343
      0.0000000000000000
  1.1739308666280503E-03
  8.0349771089025340E-05
 -1.3781076780786657E-06
  3.1478468079704043E-08
 -8.0890112601160840E-10
  2.2172054969723222E-11
 -6.3305912287530554E-13
  1.8593233353153711E-14
 -5.5456757796121216E-16
  1.7699645587522524E-17
 -7.2062498412375584E-19
  1.7182853067757411E-18
  4.6438395868649323E-19
  3.3261540232121645E-18
 -1.1374458198834510E-18
 -2.7585038496163556E-18
 -5.2890975914256450E-21
 -1.0946957718847753E-18
  5.5727786495029295E-19
  6.5840284313720762E-19
  6.7518870682754064E-19
 -1.0948955125076608E-19
 -3.5382411553970492E-19
 -8.1992188920794041E-19
  9.9020382137247412E-19
 -5.1270694385231771E-19
  4.1324983766003977E-19
 -7.5119627819524855E-19
 -4.3106639116148360E-19
 -3.6092363398199700E-19
 -4.0664769520488895E-19
 -4.4746165790868484E-19
  7.6747514883616196E-19
  3.9177248752627815E-19
 -1.3552800594560581E-19
 -1.1075951491505621E-19
 -3.7453578061691555E-21
  1.1455567499091264E-18
 -5.3702523547193227E-19
 -1.7587117158408978E-19
 -2.8885976353874412E-19
 -5.8821728006427866E-20
 -4.9762507809624554E-19
 -4.3710773323710120E-19
  1.2700551118009254E-18
 -1.2971844128052855E-18
  5.8057135295966314E-19
  1.2098623595366058E-19
  4.5093597968490990E-20
 -1.4554540258956305E-19
 -4.8884917021127386E-19
 -2.1808394325313857E-19
  2.5177731489959656E-19
 -5.6500160707854813E-19
 -3.6362638487459052E-19
 -1.4570146305903487E-20
 -7.4902008405349892E-19
 -8.3416887675163111E-20
  2.4823925682264771E-19
  6.2958956939800400E-19
  3.1355572814177235E-22
  2.8078700247039806E-19
  5.2289623582400412E-19
  9.0265780889706425E-20
  1.6424914640298632E-19
  1.0919449050849437E-19
  3.9355444808616097E-19
  3.6843801154783823E-19
  2.7481431860766554E-19
 -2.6012208523550812E-19
  1.4015001891228816E-19
 -4.4202391230717984E-19
  2.0352239083109890E-19
 -1.2622517147256277E-19
 -7.5099337271185964E-20
 -4.4133786095767388E-20
 -3.9660628608625024E-19
  3.2937696015376171E-19
 -9.1046236809191401E-20
  2.5520646343075258E-19
 -5.0828334117940164E-20
 -2.9257378256911134E-19
  1.0749419826170629E-19
 -1.2433994199697009E-19
  4.8430518220405990E-20
 -5.7218134491933750E-20
 -2.5010029568556747E-19
  2.1702651010384944E-19
 -4.5689771830134526E-20
  2.8347243690123006E-19
 -1.4888946917682274E-19
  1.4615618041599106E-19
 -2.2496481275093095E-19
  2.2826473976321718E-19
 -2.4555503058225622E-20
 -2.1679187056435535E-20
  2.5304268601516866E-21
  2.1274657347814641E-19
  1.0773184183411536E-20
  2.2639205372041380E-19
 -1.8951060226069156E-19
 -7.8057267330028459E-21
  1.8131354776718554E-19
  1.0871738551866940E-19
  5.9429417949886662E-20
  1.1791199347893227E-19
 -3.0818144574822393E-19
  1.3057914180851650E-19
  6.7570779236671300E-22
 -2.6905502962493837E-21
  1.1432599081208972E-19
  8.8486377408304577E-20
  1.2177330497569141E-19
  2.3535890138971525E-19
 -4.2658016662655542E-19
  4.4788392728960674E-20
 -1.8299472651088705E-20
 -1.0193579742198175E-19
  6.4032391961560689E-20
  2.4808545715128029E-19
  9.3496979958615645E-21
  6.5895387723104330E-20
  9.5107723698249125E-20
  1.1296510895616937E-19
  1.5716549213869313E-19
 -4.9495168783829215E-20
 -7.5069932102099564E-20
 -5.0961278288175413E-20
