                     128
                  0.2200
      0.0000000000000000
  4.8619202247280349E-02
  2.0476040860023397E-02
 -2.3476957745236686E-03
  3.4549840736193310E-04
 -5.7006373342429620E-05
  1.0031420380405961E-05
 -1.8388599394651875E-06
  3.4672403359305058E-07
 -6.6739599896942658E-08
  1.3050559413753493E-08
 -2.5838915186515107E-09
  5.1675848961916168E-10
 -1.0420958643658510E-10
  2.1161974846952659E-11
 -4.3229841864126164E-12
  8.8763777730913281E-13
 -1.8307465144553450E-13
  3.7906401047198277E-14
 -7.8750756462188699E-15
  1.6402191990159836E-15
 -3.4477367475540407E-16
  7.2849893003728891E-17
 -1.3603860121940969E-17
  3.7563159209440606E-18
 -2.6551184885139154E-19
 -1.0872843451274675E-18
 -7.2453373819941255E-20
  7.6366576445773037E-19
 -1.2913316504819225E-19
 -9.5008842163687369E-19
 -4.1454356519654854E-19
  9.0308998575088742E-19
  1.2415056378415799E-20
  1.8681850275138560E-19
 -7.0411443545900831E-19
  1.0719392993002129E-18
 -4.9029587348049491E-19
  4.8574213462409090E-19
  7.2077262672939094E-20
 -3.6167448264999923E-19
  5.9134339901343452E-20
  2.5055734182087187E-20
  2.3863720856593206E-19
  3.2713330797764516E-19
 -3.4404168069156472E-19
 -4.7377951109229002E-19
  5.5280894513771501E-19
 -4.5611194583814428E-19
  9.8752990924021620E-19
 -8.6840921994089398E-19
  3.9447905129082263E-19
 -3.8084027256574533E-19
 -6.7405183239007469E-19
  2.3360896796464497E-19
 -6.4012736762488170E-19
  8.7100378120807059E-20
  2.6400940658252238E-20
 -2.5417822212510330E-19
  1.5455181533594302E-19
  9.4772888828985381E-20
  9.4582582689257040E-19
  3.3951981010818371E-19
 -6.5935828453919833E-19
  7.2563552766208000E-19
  4.5942551102852247E-20
 -3.0277481691336925E-19
 -1.3475257112027552E-19
 -4.8887578749736553E-19
  2.1580196099672741E-20
 -4.2281645220584330E-19
  4.5062949408602533E-19
 -5.4602854257177987E-19
  2.8808021656074465E-19
 -1.4519178829601256E-19
  3.3181004845276834E-19
 -2.9807356832819747E-19
 -4.8287486593270153E-21
 -9.6700337666903624E-20
 -2.3129376117246063E-19
  3.0248313319531222E-19
 -1.3563480445765448E-19
 -3.0715995901397403E-19
  6.6116122484507649E-19
 -2.8920491488462965E-19
 -1.6741100962620827E-20
  3.4701706820300141E-19
 -4.7824710513033353E-21
 -2.1191227313549718E-19
 -3.8958869327326372E-19
  4.1921584608871718E-19
  3.7366153671150128E-19
  1.6828592989741322E-19
 -2.5860039393328927E-19
 -1.0542959121437067E-19
  2.4356566321420260E-19
  4.2726875852857282E-19
 -1.7352818200514350E-19
 -3.0596356794273255E-20
 -4.5238342847590346E-20
  1.3735003222861763E-19
 -1.8919828376285100E-19
  3.4270418223845462E-19
 -3.0742689741025996E-19
  3.2314547119984812E-19
 -2.2520020692908747E-19
  2.0389644048693401E-19
 -8.5620133415868532E-20
 -1.4853943739088873E-19
 -1.4276381032595411E-19
  1.7462227860609702E-19
 -2.0327214875258942E-19
  9.4403811404698408E-20
  3.0875294227174913E-19
 -3.6992940840622879E-19
  5.8748135524171936E-20
  3.0016694925752889E-19
 -3.8672330800245232E-19
 -2.4377754438944986E-20
 -3.6294226671770010E-19
  1.2924236626265276E-19
  2.8826732863071374E-19
 -1.5603937334846925E-21
 -2.0454130661095770E-19
  1.8525620276488395E-19
 -1.9550806153236643E-19
 -1.7684270246498809E-20
  9.4936655604980556E-20
  9.9426505964693858E-21
