                      32
                  0.0200
      0.0000000000000000
  4.0000012796165209E-04
  1.5993611936148700E-05
 -1.6000002139007199E-07
  2.1333342182131322E-09
 -3.2000001381295611E-11
  5.1199787432507386E-13
 -8.5354098576752226E-15
  1.3996581107792582E-16
  7.6617805532422422E-18
 -5.4575755521779186E-18
 -6.1527030751239078E-19
 -1.7133552642744531E-18
  4.6530605618288119E-18
 -5.3416092513714216E-19
 -3.4759399164112000E-19
  2.9181109402355334E-18
 -3.9435736559411842E-18
  2.9953322475731081E-18
 -1.0515725399720476E-18
  1.5780594470745265E-18
  3.5339282616943312E-19
 -8.4152292198169157E-19
  1.4544595588111002E-18
  1.5439791721741310E-18
 -1.9998964474274410E-18
 -5.1282579181687576E-19
 -1.1471432194441303E-18
  1.3902216283845031E-18
 -1.6857352504581215E-18
  1.4758763665826958E-18
  5.2284013393811913E-19
  1.4204917653520903E-19
