                     128
                  0.1400
      0.0000000000000000
  1.9614844724848451E-02
  5.3898701432382951E-03
 -3.8428993048058359E-04
  3.5889245675374211E-05
 -3.7682584347485562E-06
  4.2203206222013141E-07
 -4.9236036781508520E-08
  5.9082339031336736E-09
 -7.2375020075629368E-10
  9.0065862023376830E-11
 -1.1348211816985151E-11
  1.4443072530423888E-12
 -1.8535275923780438E-13
  2.3953440950007960E-14
 -3.1135271272756847E-15
  4.0892613692742974E-16
 -5.3995240741457991E-17
  6.6847144648268795E-18
 -3.7183635604591837E-18
  2.0988957565754397E-18
 -8.2877158955826213E-19
 -2.2810365130662664E-19
 -9.1250891728965143E-19
  1.7387476100302418E-18
 -1.0302146240077390E-18
  1.1176402640535943E-18
  1.7392112701739215E-19
  4.2950831768573142E-19
 -2.9113913164816640E-19
  3.3928677258931789E-19
 -7.8321099775244999E-19
  9.5527413947942805E-20
  7.2818773162916200E-20
 -5.7069843978472864E-19
 -3.4614460124263995E-20
 -9.1285803784118988E-19
 -1.7029062990504945E-19
 -2.4743734213943208E-19
 -5.0034790429702982E-19
  7.2582328077597574E-19
 -4.9649506186622559E-19
  6.4542158325396834E-19
 -1.6434860278917318E-19
  3.8060170840723196E-19
 -3.2916834700006923E-19
  8.6970361052430248E-19
  8.8263939007590965E-19
 -7.9357452779660849E-19
  7.8765630405473037E-19
 -4.2251952120891446E-19
 -2.5222305613696151E-19
 -5.5194656123451421E-19
  6.0941401408369572E-20
  8.4179688421663694E-21
  1.7470042020041868E-19
  1.5759415099890920E-19
  2.9613581407078456E-19
  7.7894477495878498E-20
 -4.2860741788737239E-19
  6.8342111286083087E-19
 -6.1533580085789365E-19
 -2.3393678495649004E-19
  7.4204149700983019E-19
 -3.4392203254412510E-19
 -3.1005898211188364E-19
  1.2557025932224984E-19
  2.6667198162163217E-19
 -6.2561361727116644E-20
  6.0275720876938500E-19
 -4.4292978293276455E-19
  1.0121931990706806E-19
  1.8241869348623016E-19
 -1.8309818129619286E-19
  1.6643368127292384E-19
 -2.5196082353708770E-19
 -1.3246209729627339E-19
 -5.0300383418921368E-19
  4.0630354566443515E-19
  1.6209251932179073E-19
  1.8351411940712642E-19
 -1.0786159200680830E-19
  5.8883269054964774E-20
  4.7731073036602750E-20
 -3.2626404239617928E-19
 -1.1760215612536851E-19
  9.6796514318011967E-21
  4.1505338410178145E-19
 -6.2212737972226165E-19
  7.4415293636971237E-19
 -7.1536790621842456E-19
  4.9412415093349238E-19
 -2.2617577116982589E-19
 -1.5556067498071657E-19
 -1.5268519690124769E-19
  9.2499325812221560E-21
 -6.1243207684624874E-20
 -1.2744696046352897E-19
 -1.4231916322795768E-20
  3.3599381685639409E-19
  3.3101216681433491E-20
  1.5398668774788948E-20
 -5.7615996006603519E-20
 -2.4911811892658242E-19
 -4.0371394744031845E-20
 -3.0433488146190433E-19
  1.3028732729849125E-19
  7.8427502592375383E-20
  8.0277794745115133E-20
 -1.3171629321654291E-19
 -3.6753846998731911E-20
 -3.9362806470066095E-19
  3.0989084275556444E-19
  2.5871699587128768E-20
 -4.5863491159440395E-19
  6.6259466208024393E-20
  2.6845778927897170E-19
 -4.2033265917160307E-19
 -2.3155629832229891E-19
  1.3998823593897213E-19
  1.3075858463435108E-19
 -9.3788931420378105E-20
  1.2444460574247154E-19
 -6.0380422049329336E-20
  8.5079608664102493E-21
 -1.6462129694158670E-19
 -4.9304468016928533E-20
  3.7266439047121755E-19
 -9.0653300367511193E-20
