                     128
                  0.8500
      0.5567262498321920
  1.8167333258209679E+00
  3.3972233563680669E+00
 -2.7636649200656765E-01
  3.7573379195976775E-01
 -4.9991779698491293E-02
  6.7459428524768619E-02
 -9.8999321405796262E-03
  1.4413731306462183E-02
 -2.2358828635215050E-03
  3.3916950112969513E-03
 -5.4539999323277057E-04
  8.4512188312912831E-04
 -1.3958081429809354E-04
  2.1870649318127245E-04
 -3.6918927330470620E-05
  5.8146723645125927E-05
 -1.0003024703138136E-05
  1.5774695122381119E-05
 -2.7601362100846320E-06
  4.3469352915942919E-06
 -7.7240692551092787E-07
  1.2127877922668779E-06
 -2.1855073238164815E-07
  3.4176917759463238E-07
 -6.2381323892377243E-08
  9.7106957441311167E-08
 -1.7930978741832643E-08
  2.7780681822699236E-08
 -5.1836731512847731E-09
  7.9937519838125277E-09
 -1.5056889480779849E-09
  2.3116085474853503E-09
 -4.3912248044272512E-10
  6.7135170311331560E-10
 -1.2851669631401169E-10
  1.9571821967511050E-10
 -3.7730150755099090E-11
  5.7249693029946601E-11
 -1.1108336324118320E-11
  1.6796625542161677E-11
 -3.2790745142991435E-12
  4.9413387974651552E-12
 -9.7034514907098734E-13
  1.4572199085881674E-12
 -2.8784465252446236E-13
  4.3068073912650276E-13
 -8.5582274061582112E-14
  1.2753968096085256E-13
 -2.5525762963876701E-14
  3.7856535858943354E-14
 -7.6509114950504603E-15
  1.1270177846078448E-14
 -2.3239190373344199E-15
  3.3985950163625006E-15
 -7.4328366961586443E-16
  1.0475324309052524E-15
 -2.3874270248354743E-16
  3.0584329293765969E-16
 -5.2688738483209138E-17
  7.5100059076481417E-17
 -6.5961457698868941E-18
  1.4396688951590007E-17
  9.3862536259508921E-18
 -6.0158842951530263E-18
  1.0417738578994587E-17
 -3.2566841950751482E-18
 -8.3985740985680726E-19
  4.7575370147428858E-18
 -1.2201270337527916E-17
  1.6483939981171577E-17
 -1.8133476224128013E-17
  1.6821503656255476E-17
 -2.1876530000034728E-17
  1.4936724842175039E-17
 -1.0992105340466394E-17
  1.8059798440554071E-18
  2.8373598288654881E-18
  1.9800713846013176E-18
 -7.2561492292124463E-18
  1.1572339091555658E-17
 -1.5814170518121201E-17
  1.6488483271773817E-17
 -1.8125553348648381E-17
  1.8603350945222110E-17
 -1.3273778720347455E-17
  3.5368025573990377E-18
  5.0347214708236452E-18
 -1.2310245418896104E-17
  1.8748001880073314E-17
 -2.4230102447147057E-17
  2.1938130973095194E-17
 -1.5772172024867063E-17
  1.2155314029470122E-17
 -9.8755454162568987E-18
  1.2379431227517108E-17
 -1.2595366855406206E-17
  1.3153756189003821E-17
 -1.3305086970044376E-17
  1.6757460447324921E-17
 -2.1681923351885087E-17
  2.5565768113923644E-17
 -2.8004916788360252E-17
  2.5995565810273968E-17
 -2.1919164205772089E-17
  1.5215592099684413E-17
 -1.0023779465412064E-17
  2.8416043730253274E-18
 -2.3204132752074571E-19
  7.0820763643671372E-19
 -6.8282312885099639E-18
  1.1205288498735587E-17
 -1.3229544342012503E-17
  1.9987125838427642E-17
 -3.1742218501728026E-17
  3.8792739410912668E-17
 -4.3888363063447614E-17
  4.2612994212663175E-17
 -3.6444825208804179E-17
  3.0956434959902012E-17
 -1.8975827020252655E-17
  1.4144647605131048E-17
 -6.8721834197274871E-18
  1.7771492688481902E-18
  5.6369540715896451E-18
 -7.2452792592152982E-18
  7.5101608900416207E-18
 -4.5950579196749163E-18
  4.4402938906422997E-18
