                     128
                  0.1500
      0.0754266889049367
  2.2522410885684633E-02
  6.6525407793045065E-03
 -1.0486684604383650E-05
  1.2129077322569639E-05
 -5.4863144807072758E-08
  4.0027990203692183E-08
 -2.8624517601931578E-10
  1.5809594548635256E-10
 -1.4922227613038583E-12
  6.8327604538404050E-13
 -7.7762644096169543E-15
  3.1259610310547341E-15
 -4.3280662112238961E-17
  1.2712506616235753E-17
  1.6010663248828154E-18
 -2.4712027240115793E-18
 -6.4358663709315291E-19
 -3.2972292012325513E-19
 -4.6271979332678178E-20
  2.0258992765336833E-18
 -5.5657920977216092E-19
  5.9498131954196138E-19
  2.9252271451928814E-20
  1.9749705023711742E-18
 -4.2938146077118212E-19
  1.1080085477026796E-18
 -2.8174375312218751E-19
  6.8295445116960165E-20
 -8.6747426090959335E-19
  4.0330301095638707E-19
  1.6128802576900264E-19
  2.1518609634365784E-19
 -5.6585920333215044E-19
  1.1596518773607435E-19
  4.5389143154571514E-20
 -4.5784159547103521E-19
  1.4921897027607122E-18
 -1.3438732199809045E-18
  8.4592960743474299E-19
  5.6638507684951767E-19
 -5.0706150889128824E-19
  5.9934642843333457E-19
  5.2624929458002097E-19
 -6.5812867967096260E-19
  7.3720382126990572E-19
 -2.9259562950116122E-19
 -4.6975268689345512E-19
  7.7293198344571704E-19
 -1.5433798474681601E-18
  1.0893910425796769E-18
 -6.6228481832895864E-19
  6.2554835472865590E-20
 -5.8970020719968926E-19
  3.2272227686683982E-19
  2.6660209402453113E-19
  1.3666715960253127E-19
  2.6406304338891154E-19
 -5.2260781460760547E-19
  1.4797555049039103E-19
 -2.9825922351409963E-19
 -2.9709603145556207E-19
  1.4120722997518947E-20
  9.9523648774400160E-20
  2.0345391391900670E-19
  3.0424183327506230E-19
 -1.1133628699822242E-19
 -2.4524100056122462E-19
  1.3773521588444345E-19
  8.9838243430480352E-20
 -3.8992953179513574E-19
  7.8598725345618948E-20
 -4.2113512816225863E-20
  4.9691601925498702E-19
  4.2284573959724192E-20
  2.5593448038496597E-19
 -2.3549185973717548E-19
  4.4901320870091878E-19
 -3.0075640333082034E-19
 -2.2219665571443404E-19
 -7.2253123306344435E-20
 -3.4339332244777784E-19
  7.3095363340514477E-20
 -8.5711708032108198E-20
 -8.4288708860703842E-20
 -9.9425402123239946E-20
  8.8666699525656515E-20
  2.8258067553369366E-19
  2.2351181158449752E-19
  8.2843837892128016E-20
 -3.7529498537428648E-19
  1.9073717493656294E-19
  1.3705881910418471E-19
 -1.4402512174768365E-19
  1.9565088581470427E-19
 -1.0979590305814182E-19
  6.7716965955476824E-20
 -2.2279209004048775E-19
  2.7145788151788260E-19
 -1.5750521504280551E-19
  1.4560705012761547E-19
  5.1242968007661455E-22
 -1.8723672586919589E-20
  2.1356194402254262E-20
 -6.5371098693734716E-20
  1.4014377107434294E-19
  4.9002714612001087E-20
  3.7678396617775885E-20
  8.3709218378868388E-20
 -2.7961880645888013E-20
 -3.7362848735275652E-19
  6.2281740847703715E-19
 -3.6908906832579184E-20
 -2.5609558870650251E-19
  4.2449750222651900E-20
 -3.0202872221035488E-19
 -2.5258784547457741E-20
 -7.3984924761258639E-20
 -8.0576899867971252E-20
  2.4908255820587488E-19
  3.1423923758735857E-20
 -1.0213651063228200E-19
 -6.6947027314042828E-20
  3.0593423954140262E-20
  1.0372383008393773E-19
  4.1970559239877071E-19
 -1.5221457075167654E-20
 -2.9778619155259222E-19
 -1.3655596128854505E-19
