                     128
                  0.4685
      0.0000000000000000
  2.3855466306724432E-01
  1.9278201134521861E-01
 -5.0772963163304832E-02
  1.6476283163989809E-02
 -5.8480172300824302E-03
  2.1941865458054858E-03
 -8.5559047014497236E-04
  3.4304974339024449E-04
 -1.4043449716211217E-04
  5.8415193325490716E-05
 -2.4606753790291214E-05
  1.0471554422436592E-05
 -4.4938777015866302E-06
  1.9422106737113758E-06
 -8.4446105324120204E-07
  3.6907054569629790E-07
 -1.6202957632916688E-07
  7.1416122011669614E-08
 -3.1587714592616529E-08
  1.4015065585398748E-08
 -6.2357335264343182E-09
  2.7814831588370848E-09
 -1.2435391052567648E-09
  5.5711894611688696E-10
 -2.5007171512570993E-10
  1.1244536932934096E-10
 -5.0642966441907767E-11
  2.2842528323471623E-11
 -1.0317380756997319E-11
  4.6660865501096899E-12
 -2.1127912255277055E-12
  9.5773842540910384E-13
 -4.3460258311968891E-13
  1.9740840156368397E-13
 -8.9751541194026325E-14
  4.0838930861083421E-14
 -1.8597803016950723E-14
  8.4765294654224380E-15
 -3.8666745857945416E-15
  1.7646859694267017E-15
 -8.0554377702764368E-16
  3.6832422185173533E-16
 -1.6862460206903528E-16
  7.8369913983079279E-17
 -3.8196968207316268E-17
  1.8994541857614628E-17
 -8.8996377113939697E-18
  4.2995169385338367E-18
 -2.1342390573514763E-18
  1.1844321877273865E-18
  7.3096120159980070E-19
 -1.3109478218536574E-18
  1.1819998216183528E-20
  4.8034607928015306E-20
 -2.5032894364812205E-19
  5.0876583528233335E-19
  2.2443880754551027E-19
  2.8361561036930451E-19
 -4.0144887848225001E-19
 -8.6812339974855953E-20
 -1.0691967250345558E-20
  8.6387580478515494E-19
 -8.4031843618795649E-19
 -8.0399386929253417E-19
  2.2311244177776222E-18
 -2.2465924757301807E-18
  7.3917878861708484E-19
 -2.1046665491632944E-19
  2.4477551117885887E-19
  8.7062745284837572E-21
  1.0832954802012851E-19
 -3.0470134930243727E-19
  2.6860558763676582E-19
  2.0959809365024486E-19
 -7.7222099876209387E-19
  5.2864896489974060E-19
 -7.5140825822351153E-19
  3.6940089464981621E-19
 -1.8981609686277381E-19
 -3.9949177353412552E-19
  1.5321204888292068E-18
 -1.7445351330637322E-18
  1.2865144384555648E-18
 -6.6979699178737828E-19
  3.8171703227112668E-19
  1.7183340573329971E-19
 -1.0409064052199980E-18
  9.7023279242144030E-19
 -9.1078871891940756E-20
 -4.3738149743888127E-19
 -3.5705952395350258E-19
  6.9246728361254684E-19
  2.2613680462236185E-19
 -9.5887530436077409E-19
  2.8940542968454876E-19
  8.5769761590001421E-20
 -1.0433018633337428E-19
  3.5858817862437362E-19
 -4.0658406226610967E-19
  1.2155239937390354E-18
 -7.8976012698978362E-19
 -5.7252353989859946E-19
  1.2014375556050060E-19
  9.4653103340463571E-19
 -1.1368576677004235E-18
  1.4577291162014973E-19
  5.4755155258341381E-19
 -4.8490280377685343E-19
  4.5323770177360263E-19
 -4.4110553515911793E-19
  6.3665487160500317E-19
 -7.5287875865481681E-19
  6.2616456474894273E-19
 -5.7314034608245192E-19
  4.9353469993801412E-19
 -3.2669340759277796E-19
 -2.6688659837331443E-19
  5.4008041688756070E-19
 -6.2804444281802974E-19
  8.5634714891660888E-19
 -5.8338537680447322E-19
  1.1064356084174295E-19
 -5.0786772052460609E-19
  1.2858210663191945E-18
 -1.1987924951439022E-18
  4.5974524910172028E-19
 -7.1648962937932218E-20
 -7.0516135671901859E-21
