                      32
                  0.0270
      0.0000000000000000
  7.2900077441783622E-04
  3.9337399659943940E-05
 -5.3144123590888041E-07
  9.5659510520773859E-09
 -1.9371049724916786E-10
  4.1841510238665758E-12
 -9.4145178754104418E-14
  2.1797194864269397E-15
 -4.7599873309112417E-17
  2.7309642808829489E-18
 -4.2994270198347884E-18
  3.7618669249388217E-18
 -4.1676167362692920E-18
 -3.1330391792247153E-18
  1.6804227602381731E-18
 -7.0105809215443721E-19
  1.9961820854789229E-18
 -2.9363933295628244E-18
 -1.4111141747864047E-19
 -7.5161591131990571E-19
 -8.2440778340648198E-19
 -1.3972039814853334E-18
  3.5720220146068127E-18
 -2.1938357915049594E-18
 -1.1247414592210038E-18
 -6.9255898571449063E-20
 -1.6197506206502056E-20
  5.0948412773615607E-19
  3.4315382685342022E-19
  7.4444886317897931E-19
 -2.1090137093669588E-18
  1.7108990222860214E-18
