                     128
                  0.0279
      0.0000000000000000
  7.7871198327828797E-04
  4.3426757057673590E-05
 -6.0639119010556407E-07
  1.1281068718677181E-08
 -2.3610199015359500E-10
  5.2708154789198075E-12
 -1.2256997622229679E-13
  2.9346540137178988E-15
 -6.9367706054365860E-17
  1.8913067158374913E-18
 -1.6221312980934541E-18
  3.7088886129412241E-18
 -3.4392111160702936E-18
 -4.0906381407629234E-20
 -1.2307337469169561E-18
 -1.6770406676276367E-18
 -8.9054948139565955E-19
  1.7339958789942418E-18
  2.6620455506004785E-19
 -4.7718139894847278E-19
  1.3458504200610725E-19
  3.5451412182946471E-19
 -3.7221796411861695E-19
  3.5101274859283261E-20
 -5.9511838715587836E-19
 -5.2673276930955346E-19
  3.9175770859365995E-19
  2.4809281994228562E-19
 -9.4329913082766532E-19
  7.5691266429902306E-19
 -8.8809405258968588E-20
 -1.3424041424809410E-18
  7.4116853652917211E-19
 -2.6472141524468701E-19
 -2.7876663582660289E-20
 -4.6355731671586019E-20
 -3.6442692054322540E-19
 -5.6435173988788356E-19
  4.4701220436703005E-19
  8.4843442990619742E-20
 -3.8594730122726782E-21
  3.8940759080311468E-19
 -3.1894682746786907E-19
  3.4378675409244501E-21
  5.9868881391490178E-19
 -1.3420939437419599E-19
  5.8953116036737098E-19
 -6.5206822569286343E-20
 -1.8672828981066661E-19
  2.9297154412041385E-20
  3.2336151450967782E-19
 -2.4568587862881041E-20
 -1.3907875642870366E-19
 -1.7344180552330205E-19
 -1.6352310104122331E-19
  4.4156388089356416E-21
 -1.7343612830486479E-19
  2.7067271657139249E-19
  5.4278468545788797E-20
  2.7324548262165599E-19
 -2.1156896384745211E-19
 -5.5718529674330894E-20
  1.0154611427066928E-19
 -2.2303553360341617E-19
 -1.3633445896531739E-19
  1.5928559474876420E-19
 -5.5404373423267147E-19
 -2.0095198015262997E-19
  1.6668840222445693E-21
 -5.2530584154172280E-20
 -2.0341919427321425E-19
 -7.0950512687431161E-20
  5.9020787682623356E-19
  1.3649029112615834E-19
 -2.0607134348293022E-20
 -7.4690258695928521E-20
 -4.4664129441675788E-19
 -3.9006680473767039E-19
  3.3774482200807888E-19
 -2.0295437687245496E-19
  1.1006355989998792E-19
  5.8434109659640742E-20
  9.6576582023672509E-20
  5.6383699952083855E-21
  1.6438861400119554E-19
 -1.8696262007098913E-19
 -1.3559135469218214E-19
  2.3385911748686195E-19
 -1.8844555547471596E-19
  3.2027745696698381E-19
  2.8012477683763435E-19
 -5.3022894950477154E-19
  2.0992065716948873E-19
 -1.9238104797445880E-19
 -2.1290741656722865E-19
 -1.5829789368905622E-19
  1.3919610241424525E-19
 -1.2576175377279715E-19
  2.0635918272778235E-19
 -5.4524514176028325E-19
  2.1530228805123095E-19
 -8.1975039116114333E-20
 -1.6022649384098944E-19
 -2.7950218679033100E-19
  2.4723483796803134E-19
  8.8872015284013070E-20
 -2.5994878404007818E-19
  3.4257604559678960E-19
  4.1428067288548292E-21
 -1.8557597531710295E-19
  4.4766740454131771E-20
  5.1825880609879719E-20
  4.5011750279598198E-21
  1.7130139377014447E-19
 -1.9261814755758741E-19
  2.7090973533033524E-20
  1.3300543399420413E-19
  2.4943674013810979E-20
 -1.4288300894549113E-19
  2.0106504528426615E-19
 -9.4394474586596403E-20
  7.2157994274352488E-20
 -2.1340620317263074E-19
  1.2258534700826112E-20
 -1.4847705637762028E-20
 -1.5926471434687250E-19
 -1.1182551833784522E-19
  1.4657852222292386E-19
