                     128
                  0.3000
      0.0000000000000000
  9.1375224951323816E-02
  5.0853718525113591E-02
 -8.1653968963612666E-03
  1.6496552197247871E-03
 -3.7140092373475224E-04
  8.9096843777839552E-05
 -2.2264934213736300E-05
  5.7234438325929831E-06
 -1.5020339078793160E-06
  4.0046381728814293E-07
 -1.0810790038834569E-07
  2.9480029344823304E-08
 -8.1060878124127763E-09
  2.2445434902506434E-09
 -6.2521250404733386E-10
  1.7504640604025638E-10
 -4.9228530867898176E-11
  1.3898997160459618E-11
 -3.9378391408980224E-12
  1.1191185447663331E-12
 -3.1893258335657008E-13
  9.1117789238578897E-14
 -2.6089308573127460E-14
  7.4852541525063964E-15
 -2.1526009624319735E-15
  6.1869116425030563E-16
 -1.7765563383010260E-16
  5.1398438140252717E-17
 -1.4182236459355975E-17
  3.3543208329488619E-18
 -7.2741763674093689E-19
  1.0041139908219335E-18
 -1.5195134919884433E-18
  1.8875086118620447E-18
 -2.4162007583228953E-19
 -7.2891176673920670E-19
  1.1209786717618266E-18
 -3.5852185471377065E-20
  1.1131529275395342E-19
 -5.3651715909618217E-19
 -9.1993314887849452E-19
  1.5644787440949490E-18
 -6.4641195819652614E-19
  1.0493858564909331E-19
 -5.0126569030868232E-19
  1.4457099789832986E-18
 -1.9587793496815618E-18
 -3.8348380395193337E-20
 -1.9016306143425352E-19
  2.0065026872716897E-18
 -1.5255171954815614E-18
  4.4977560400582071E-19
  4.6147004199171446E-19
 -1.1303038898178588E-18
  1.5796774959586374E-18
 -9.7291425659952984E-19
  8.5396060351041225E-19
 -2.3495417874240902E-19
 -4.2727192594419270E-19
 -2.6292268012701599E-20
  6.4695512132268951E-19
 -1.1108494061180654E-18
  7.3606556394893269E-19
  1.1018394470072229E-19
  2.2266946211020071E-20
 -3.2224352904869726E-19
  2.8303607489771105E-19
  6.7230263744052141E-19
 -7.3511333404015285E-19
  5.9136151187013276E-19
 -1.6467617580118841E-18
  1.4444836486519851E-18
 -3.7823006660651313E-19
  4.9775713440311895E-19
 -2.3612888976299682E-20
 -6.0885252172788160E-19
  5.4457748722362908E-19
 -6.2884696713912438E-19
  3.5461956914152416E-19
  7.0706484618528569E-20
 -3.6843292428415875E-20
  6.2544307382184248E-19
 -6.8048564377111534E-19
  2.3280704499287319E-19
  4.7893338857571463E-19
 -4.9232306633499065E-19
 -1.3767323650016007E-19
  3.6428295307843869E-19
  3.3160184846057393E-20
 -6.2611467601225557E-19
  4.2433172601189950E-19
 -2.1443529367563511E-19
  3.8323899977109055E-19
  1.0786541659981356E-19
 -8.0645839562168987E-20
  2.5489335418040966E-19
 -7.5371138984301431E-19
  2.8589587349806570E-19
 -1.2912510049057038E-20
  8.4165859527660533E-20
 -1.5025200112920086E-19
  3.2904908719790578E-19
 -2.5235163389397908E-19
 -7.1049450474265649E-19
  6.4646877606068246E-19
 -6.4537630690659019E-19
  9.9503923947325154E-19
 -7.9434190915742640E-19
  5.9472776327825518E-19
  6.6342270025113435E-20
 -2.5787722820731919E-19
 -1.3512062325899963E-19
  3.5434626261426621E-19
 -4.8519917097682670E-20
  4.8887686142580407E-20
  2.5526056597945422E-19
 -4.5677066867106897E-19
  2.8311092409021955E-19
 -2.1831036985625179E-19
  4.1917056711631592E-19
 -3.4191875497971170E-19
 -7.8274547859067895E-20
  1.0683023171783596E-19
  3.6909640043235025E-20
  3.1631016903048758E-19
 -8.0980145610272324E-19
  3.5861407985626691E-19
  1.4498666354439164E-19
