                      32
                  0.0060
      0.0000000000000000
  3.6000000093324810E-05
  4.3198445060346251E-07
 -1.2959999928911892E-09
  5.1840201831688707E-12
 -2.3339408445432715E-14
  1.1649988159647643E-16
  3.3411481293276328E-18
  5.2328788844279504E-18
  4.2742773375717291E-18
  1.4214730742903577E-18
 -2.1186810981088849E-18
 -1.2549852893790870E-19
  3.0062555578816169E-19
  2.0721988139345651E-18
 -3.0447385274508913E-19
 -9.7014228507382524E-19
 -4.7373311389364767E-19
  3.1712035661236341E-18
  6.2028375006032005E-19
 -2.9286935133785519E-18
  1.9316648348877260E-18
 -7.7038183488719714E-19
 -4.2958305527565006E-19
 -2.3815342074147814E-18
  4.3903381049602588E-19
 -1.7032159895976435E-18
  1.8624284746089217E-19
 -5.9827758580631420E-19
 -1.9354952755602441E-18
 -9.4265466975533552E-19
 -4.7131377778193347E-20
  1.1957901948100769E-18
