                     128
                  0.1500
      0.0000000000000000
  2.2522410885684626E-02
  6.6133260384295478E-03
 -5.0647724164815263E-04
  5.0688568575660878E-05
 -5.7022622000478325E-06
  6.8424410115444761E-07
 -8.5528139092428908E-08
  1.0996252935232475E-08
 -1.4432359659805734E-09
  1.9242912168825103E-10
 -2.5977675184045388E-11
  3.5423818871811077E-12
 -4.8707446562273900E-13
  6.7439580258758924E-14
 -9.3934583377852372E-15
  1.3152452414734225E-15
 -1.8356039536027169E-16
  2.4642412120446720E-17
 -3.4595900045942735E-18
  3.1533597946538289E-19
 -4.3473856039793417E-19
  1.7991992318330052E-18
 -2.8141562678918405E-18
  8.7866261573780437E-19
 -1.3200849722484664E-18
  1.2730558231386416E-18
  7.9099420060347067E-19
  2.9909991033794106E-19
  3.3351718035392215E-19
 -5.0078899848080974E-19
  4.6549240747631235E-19
 -3.4176762995136284E-19
  5.2307279871359740E-19
 -1.9762086644835184E-19
  6.5766175858050860E-20
  4.1258433853910477E-19
 -1.7298624108591622E-19
 -1.2778662427040688E-19
 -5.6464268908487726E-20
  7.3419998209177355E-20
  4.8797879189802970E-19
 -6.2567086139921344E-19
  8.9704717301710533E-19
 -6.5736378671144397E-19
 -4.6159913736860623E-19
  2.8985794440900021E-19
 -8.8484885876150985E-20
 -9.7871382369387595E-20
 -2.7849065624435384E-19
 -1.7549621735931147E-19
 -1.5477420986114205E-19
  1.1257256505199474E-18
 -5.0077689322178306E-19
  7.5478343482910602E-19
 -1.6372569676008853E-19
  7.5690708093331577E-19
 -3.4314641424956034E-19
  6.2162711619498098E-19
 -2.4889895942363104E-19
 -5.8640657907459604E-20
 -1.5373704680608738E-19
 -2.5022407243333048E-19
 -3.7050552833618212E-20
 -1.9362429132836999E-19
  3.9755486581656233E-19
  4.3482395400882742E-19
 -3.9846728712113776E-19
  3.0889946294451695E-19
 -3.5134563691879781E-19
  4.4993828978774331E-19
  2.7116547679452411E-20
 -5.2727129648505841E-19
 -2.3439365238229346E-19
  4.6681485283504018E-19
 -3.8562199726612919E-19
  2.2432567960082449E-19
 -2.8245366943146083E-19
  1.6751322138198128E-19
  6.5440845353520290E-20
 -1.4474256099988251E-19
 -1.6760389263680647E-19
  2.2279122932717820E-19
 -2.6973276218289067E-19
  2.1120988876638792E-19
 -1.7775015245069797E-19
 -2.6951976038737516E-20
 -1.5567659452022723E-19
  2.6275302972288110E-19
 -4.6562945769566730E-20
  4.4658928665533836E-19
 -1.8860984722749655E-19
  9.3740406243941983E-20
 -2.7978439856444545E-19
  6.0151362414947080E-20
 -2.8592499168761903E-19
 -1.7077314611988734E-19
  1.9074858940821501E-19
  1.8999105621139161E-19
 -3.2469842680513945E-20
  1.9801196711182311E-19
 -4.0760697588738315E-19
  1.5333460265595634E-20
  2.7788804251146565E-19
 -9.8144340071092425E-20
  1.0426678116531574E-19
  1.7108673261897116E-19
  2.4047998485729399E-19
 -2.1854177795931392E-19
 -4.0894077531574942E-20
 -3.1495487172278641E-19
 -1.4900485825330364E-19
 -9.0566371147295249E-20
  1.4369774918302383E-19
 -2.2845526458520490E-19
 -7.1461568422732722E-20
  1.3598314813483204E-19
 -1.1329218977238894E-19
  2.0972368912585193E-19
 -1.9604809140516067E-19
  4.7927238086292251E-20
 -1.2881460722042123E-19
  1.7813993144615473E-19
 -5.8182262784842243E-20
  2.1918350842937351E-19
 -2.7919225623417861E-20
  1.9587314042495957E-20
  1.0085971257384181E-19
 -7.8507644814274312E-20
