                     128
                  0.1700
      0.0000000000000000
  2.8947278492279838E-02
  9.5780610471190557E-03
 -8.3583773337790016E-04
  9.4851382524900973E-05
 -1.2093012944248462E-05
  1.6445429572013240E-06
 -2.3296626491791608E-07
  3.3945381103450976E-08
 -5.0492469312154897E-09
  7.6298196752926866E-10
 -1.1673433400785429E-10
  1.8040518432140576E-11
 -2.8112829248710840E-12
  4.4115490183756042E-13
 -6.9639902180353355E-14
  1.1047798838314934E-14
 -1.7607361960085539E-15
  2.8044536700864452E-16
 -4.5803418126136053E-17
  7.0364500843835998E-18
 -1.1317662568649992E-18
  1.2214406624559186E-19
 -1.3924544357431691E-18
  3.4126588478879101E-18
 -2.2974430847422880E-18
  3.4297921398653190E-19
 -1.2738197893408830E-20
  1.3495378247254658E-18
 -9.2676881901901677E-19
  4.3646401405374943E-19
 -7.3148809002147118E-19
  2.6993133795051444E-19
 -6.4041921235833452E-19
  5.8840956857796406E-19
 -3.9816488863714332E-19
  1.3054052916843387E-18
 -3.3643956007041587E-19
  1.0443754565359633E-19
 -5.3140832958419307E-19
 -2.4949000260796156E-19
 -6.0105617393600178E-19
  7.3324284998097955E-19
 -1.1510635048570648E-18
  7.2365932578622097E-19
 -1.6194146460680248E-19
 -7.4722887683517321E-20
  8.4060569823237943E-19
 -7.3096110849637226E-19
  5.9022637219148577E-19
 -1.2638299927753377E-19
 -5.0838995341655464E-19
  5.5758995329488430E-19
 -3.5857043505948059E-19
 -4.3056654043500783E-19
 -3.9023615324870841E-19
  9.0572019084871200E-20
 -9.2184338949584926E-20
 -8.2343613132106306E-19
  6.6461555452136318E-19
 -5.2993632326292965E-19
  4.1326636455971211E-19
  4.1894780256749476E-19
 -3.5348096884273626E-19
  2.3438876709133821E-19
 -8.0880398984790406E-20
  1.7372823019325373E-19
 -4.8937309668432405E-20
 -2.9799874930716154E-20
 -6.1912162915485222E-20
 -4.1369759798994458E-19
  5.6766764850824842E-19
  4.4422676228177346E-21
  1.7113233172591213E-20
  2.8496961906029456E-19
 -1.5742873165265446E-19
  2.4571090746719797E-19
 -5.0850235254411322E-19
 -4.9934303278178932E-20
  1.0621404784600001E-20
 -1.5495298584011168E-19
  7.2976796940369630E-20
  3.4834233223684341E-19
 -4.6188089431262028E-21
 -4.9761094683078826E-19
  3.0561619058279902E-19
  3.6636688245382803E-19
 -1.1500043439885674E-20
  3.3995464687405501E-19
 -2.7455654703678984E-19
  2.1362567739085838E-19
 -1.5132307259931292E-19
  4.6084112382678745E-19
 -3.5697560944569833E-19
  1.3473587994556135E-19
 -3.2353825142056110E-20
  8.1875923267138809E-21
 -4.7144774593241953E-20
  1.3414730636329753E-19
  8.6581347913394410E-21
  2.1654577664231466E-20
  1.8433454005673500E-19
 -6.5711158491610671E-20
 -1.1874850377390814E-20
  4.4509369734146294E-20
 -1.8483631014436840E-19
 -1.5788392933755235E-19
  3.2943492249336047E-19
  2.3233167346605500E-19
  1.2506908631145550E-19
  4.3577644834545181E-19
 -3.7660579620626134E-19
  1.0214943279331587E-19
  1.5543913845787705E-19
 -1.1302294259921065E-19
 -3.9698808074794046E-19
  2.4940902030409866E-19
 -2.2734614377210531E-20
  2.6429853658220717E-19
 -2.3855610022729480E-19
  7.1851227544734713E-20
  5.5255969469631479E-20
 -1.1920522720196738E-20
  8.8241734836605404E-20
 -1.0900572538018520E-19
  3.7177187548174319E-19
 -2.9597591007137499E-19
  2.0203395660709424E-19
 -1.0963777335649995E-19
