                      32
                  0.0400
      0.0000000000000000
  1.6000081821941799E-03
  1.2779672382071491E-04
 -2.5600054887867480E-06
  6.8267114113134553E-08
 -2.0480127340921334E-09
  6.5536390182115661E-11
 -2.1845441073534481E-12
  7.4894646342505690E-14
 -2.6226693828435357E-15
  9.3198335440344383E-17
 -3.2419746552871339E-18
  1.6687117910826550E-18
 -1.9945965748840816E-18
 -6.6677987888892536E-20
 -6.8414892110490310E-19
 -2.0948668063754931E-18
  1.1034815057525160E-18
 -1.9260052094636811E-18
 -5.4853769566745896E-19
  7.9679711624765328E-19
 -1.4838196180472142E-18
 -2.7282582413698743E-18
  2.2362063435069588E-18
  8.3851389435078783E-21
  1.6403171454712686E-18
 -6.4448190002561007E-19
  1.3506066127786549E-18
  1.0624260532237701E-18
 -2.8632033587726408E-18
  9.9380350549064185E-19
  1.7360029895891896E-18
  1.0383591263936342E-19
