                     128
                  0.0145
      0.0000000000000000
  2.1077253253807106E-04
  6.1187048085884008E-06
 -4.4425054238264703E-08
  4.2997553300695087E-10
 -4.6817885407698013E-12
  5.4376873572843576E-14
 -6.5729529814929485E-16
  6.5423253033942089E-18
  3.5288805088771196E-18
  2.0535417136389610E-18
 -2.0601697057480600E-18
 -6.7687607169550031E-19
 -2.9037672273011027E-19
 -7.4546389268213800E-19
  2.9312245680413031E-19
  3.6486170695991394E-19
 -1.1438895818491064E-19
 -2.4778150661398790E-19
 -2.6784781594912636E-19
 -3.8144715509525183E-19
  1.7949194898544461E-18
 -1.4566562303585043E-18
  5.9168368639686177E-19
 -1.0454393900565493E-18
  5.5390582017361638E-19
 -1.0500299200279795E-18
  1.0195419044634335E-18
 -3.4026092997392688E-19
 -4.4489542981714426E-19
  2.4791656559468419E-19
 -6.0094933144547324E-20
 -1.0813209200630895E-18
  1.7293983716678042E-19
 -1.9708570326448891E-19
 -4.9844240736743015E-20
  2.3281014446186336E-19
 -8.2610362981304659E-21
  3.8290593042646351E-19
 -4.4982321110790024E-19
  5.5096715753492393E-19
  1.7072558265827258E-19
 -2.1992991886400612E-19
  3.6198875411989867E-19
  5.3567709136240214E-19
 -4.4121154916873213E-19
  1.5576416582393557E-19
  1.6105711627635025E-19
  1.5232603816715343E-19
  3.6323110219492038E-19
  1.7646208696723200E-19
  1.5510100945613799E-19
 -2.0461159621032483E-19
  1.0211546426605726E-19
  3.5568559833055302E-19
 -3.0374278044496825E-19
  2.4389067624766978E-19
  4.7375683423367684E-20
  1.3309622460057451E-19
 -4.2114387294316597E-19
  4.0699696198463563E-19
  1.7155279162524969E-19
 -2.3133577223349211E-19
 -6.7755184162374077E-20
  3.8796030356472833E-19
 -3.2744720402990967E-19
  5.4823306185440427E-20
  4.1168336074553239E-19
 -3.4135960767302511E-19
 -2.7730514074529910E-19
  7.0710839185890872E-20
 -2.0260084761848060E-19
  2.2323425834121793E-19
  1.2569690977392241E-19
 -1.3099707051497832E-19
 -1.3469684418864921E-20
  2.3048002296115648E-19
 -2.7111751229243115E-19
  2.0577654502541043E-20
  5.8712415272999011E-20
 -1.3691277927153068E-19
 -1.0042595618927453E-19
  1.1433974194767317E-19
  1.5827599248558604E-19
  1.3256509824974914E-19
  8.6005058470719062E-20
 -8.5822556367280893E-20
  2.6141530892867131E-19
 -2.3978930752453350E-19
  1.3064079059045461E-19
  1.9292702179143821E-19
 -1.8275235786516939E-19
  2.3837630254795002E-19
 -2.2651339568389237E-19
  2.8336769562614449E-19
 -5.6081401954560984E-20
 -1.8898512525364922E-19
 -3.3024037482508566E-21
  6.8760466285903973E-20
 -1.0029687498248662E-19
 -2.3164328541332630E-20
  5.1317557765119109E-20
  1.6433962495624761E-20
 -2.1972243828803714E-19
  2.8926603773142101E-19
 -3.1283183940591309E-19
 -1.5394509105571359E-20
  1.9265438188047953E-19
 -1.5432906150870560E-19
  1.0626960000449401E-19
 -2.1578273798392021E-19
 -7.4939127563157038E-20
 -1.2690328220779822E-20
 -2.1862736242153822E-20
  7.0545621015568495E-20
 -4.2281086664463127E-20
 -1.1276851609001136E-19
 -9.7123213260833785E-20
  9.7716268361485689E-20
  1.2264688531915634E-19
 -1.7172014150194893E-19
 -9.3472217413413341E-20
 -1.7617543226691800E-19
 -1.2870762123227828E-19
 -1.9512099519947411E-19
  1.3544448508443001E-19
 -1.3575968528060168E-19
  5.0377082261857746E-20
  3.8435723676859026E-21
