                     128
                  0.6500
                  0.0000
  5.6473730865537020E-01
  5.9064325984334520E-01
 -2.2096673194798577E-01
  1.0288278364516459E-01
 -5.2093440396096619E-02
  2.7590877208934352E-02
 -1.5055610317881454E-02
  8.4013404694288137E-03
 -4.7725097719908821E-03
  2.7509790244508179E-03
 -1.6050252587691419E-03
  9.4593902838926676E-04
 -5.6225611682659030E-04
  3.3661549692149366E-04
 -2.0277313856096625E-04
  1.2279946503303949E-04
 -7.4712477209788747E-05
  4.5640919695205419E-05
 -2.7981827387880003E-05
  1.7210252322708544E-05
 -1.0615573172644390E-05
  6.5648022912894923E-06
 -4.0692669437828645E-06
  2.5277588550316393E-06
 -1.5732598145968086E-06
  9.8093648686405027E-07
 -6.1262615453956409E-07
  3.8318631442230850E-07
 -2.4001360221879415E-07
  1.5053236071842256E-07
 -9.4526422997758004E-08
  5.9425239757871120E-08
 -3.7398261980846784E-08
  2.3559495535239049E-08
 -1.4855544125898062E-08
  9.3755197615438603E-09
 -5.9219479457083429E-09
  3.7434866680918979E-09
 -2.3681658185525792E-09
  1.4991846152249166E-09
 -9.4970710882476698E-10
  6.0200675075047178E-10
 -3.8183587099686684E-10
  2.4232784763229627E-10
 -1.5387553205921561E-10
  9.7760778158424374E-11
 -6.2141033232070225E-11
  3.9518604480837626E-11
 -2.5143469660663241E-11
  1.6004458872438699E-11
 -1.0191572360426047E-11
  6.4925967654209866E-12
 -4.1377663917069913E-12
  2.6380155614102008E-12
 -1.6824657073232185E-12
  1.0734129662882875E-12
 -6.8506861644676975E-13
  4.3736245517447953E-13
 -2.7930894957133500E-13
  1.7842668780323615E-13
 -1.1401519752341924E-13
  7.2876814782650683E-14
 -4.6594598330109106E-14
  2.9799175099137324E-14
 -1.9061703924934374E-14
  1.2195134071706080E-14
 -7.8036658016516791E-15
  4.9945455314348140E-15
 -3.1975193080047973E-15
  2.0473199019811484E-15
 -1.3103584665946113E-15
  8.3884763311412106E-16
 -5.3625963962157389E-16
  3.4225744158717659E-16
 -2.1891212120437944E-16
  1.4079336760933208E-16
 -9.1286623430626684E-17
  5.9099108814819038E-17
 -3.7431627073386144E-17
  2.2840601267492795E-17
 -1.3523084063030554E-17
  8.2069099990711752E-18
 -5.8060356292289457E-18
  3.6877964923929541E-18
 -2.4691690541079456E-18
  2.1489314778152205E-18
 -2.5158511826149770E-18
  2.9875347169605559E-18
 -3.3011945640853553E-18
  2.8176330850093795E-18
 -2.2560602220165426E-18
  1.9336112802806945E-18
 -1.5753830150692666E-18
  1.6461876359993987E-18
 -1.8077355466141642E-18
  1.0221870189979284E-18
 -7.1127655561991784E-19
  6.5707752985595740E-19
 -1.0068084895232806E-18
  1.4281434851437095E-18
 -1.8058810282725705E-18
  1.9906906336386385E-18
 -1.2864827787299425E-18
  1.5901308260260914E-19
  4.5991328864805589E-19
 -4.8708095216000006E-19
  4.3349850467677084E-19
 -3.9838139159490583E-19
 -1.2587525528793618E-19
 -1.5323414861750329E-19
  3.4417708635428229E-19
 -3.1243804624307971E-19
  2.9315899651847400E-19
  8.9243708495853397E-20
 -2.7906532208561994E-19
  1.6429992837249645E-19
  9.1202034668122520E-20
 -1.2344912402657756E-20
  4.8224242570617838E-20
 -2.4572581218176625E-19
  4.6434295608599283E-19
 -3.8662450819864247E-19
  3.2210694226123219E-20
  1.2885716566169561E-19
 -5.1315294498958646E-20
  2.9425700436123287E-19
 -2.7182652021467662E-19
 -5.7549236327342951E-20
