                      32
                  0.0130
      0.0000000000000000
  1.6900000965239421E-04
  4.3932579994268010E-06
 -2.8561000641048974E-08
  2.4752867947710546E-10
 -2.4134036232229796E-12
  2.5090141936852208E-14
 -2.7717277775975061E-16
  3.6355684368047328E-18
 -1.3692358900795246E-18
  4.1864979760500268E-18
  8.6872097183687894E-19
  2.5733124422061273E-18
  1.3113152600769892E-19
  2.9616511148777394E-18
 -2.6637554742558304E-18
  5.2615690120828718E-18
 -4.8420209206571666E-19
 -1.7286247232322782E-18
  2.4327076282538029E-18
  8.2167072415805772E-20
  2.0131798882668923E-18
 -3.3803775969733240E-19
 -2.2974534672759379E-20
 -6.6585894918554062E-19
 -2.2681156309714496E-18
 -2.3240051823613116E-19
  7.9843006782430852E-19
  1.9860444468975037E-18
 -1.5000099206786299E-18
 -1.8076372511664491E-19
  2.2456189679823601E-19
 -7.4568445184071318E-19
