                     128
                  0.1000
      0.0000000000000000
  1.0001985238346441E-02
  1.9809133348409310E-03
 -1.0000858472936289E-04
  6.6683516336718527E-06
 -5.0012116470846470E-07
  4.0009370839441821E-08
 -3.3340959588127970E-09
  2.8577851836092543E-10
 -2.5005545888543882E-11
  2.2227094111069814E-12
 -2.0004483336635759E-13
  1.8185590059898459E-14
 -1.6662693123703301E-15
  1.5492146482081482E-16
 -1.2558652134918893E-17
 -1.4160449134914655E-18
 -5.9925948858516353E-19
  7.0610897762406296E-19
  8.8413105957880525E-19
 -4.3165393438428623E-19
 -1.8136632424155654E-19
 -1.0178609616773539E-18
  7.9390542764595846E-19
 -7.3399596652486287E-19
  2.3553286034802106E-19
 -4.4479822522695112E-19
 -4.5730811132453552E-19
  2.4030898753324017E-19
 -8.4319556123903841E-20
 -1.3267753574174589E-18
  8.6442828417772225E-19
 -8.9173440400709362E-19
 -6.1164306497778721E-19
 -6.5017550006619685E-19
  9.2229527679001612E-19
 -2.2933302014828470E-19
  8.9606413588192479E-19
 -2.9411352569141328E-20
  6.4061979485301317E-19
 -1.5564597805219653E-19
 -1.4098034439325023E-20
  7.3135198286373917E-19
 -7.3981870937569437E-19
  4.0008017368691828E-19
 -1.4720632238922422E-19
  5.0002662684108063E-19
 -2.2522909958922643E-19
  7.0873660497565230E-19
  8.4951826951529370E-20
 -3.8081073651493712E-19
  2.9316785835807603E-19
  2.4089426501983635E-20
  1.2547835394248381E-19
  2.8480287358050293E-19
 -1.6777464234133151E-19
 -2.0923988555762081E-19
 -1.8647073561743382E-19
  1.1468608495595972E-19
 -1.9565817826299385E-19
  1.2490063118369547E-19
 -1.8741474125283652E-19
 -2.4125172179853019E-19
  1.1207929451662640E-19
 -3.3505883559077349E-19
 -2.0016812607148695E-19
 -3.4317913403576252E-19
 -1.2201580604891622E-19
 -2.0154084729044789E-20
  2.3718665005777276E-19
  2.5900761588016046E-20
  1.6249908597004203E-19
  4.2497360412641595E-19
 -4.1101105222044821E-19
 -1.7243467437401056E-19
  4.9517398674911805E-19
 -4.1524146039079877E-19
 -3.1878548965059241E-19
  5.2783002237006186E-20
  2.1865636164441015E-19
 -1.4873847053104621E-19
  6.6846364469614406E-20
 -1.5123785348608297E-19
  1.5542210263952068E-19
 -2.4436108603964631E-19
  1.8650155414633230E-19
 -2.1434297482998673E-19
  7.7939510890378351E-20
  2.9972243314604166E-19
 -3.6875444109487705E-19
  5.5967442993717659E-19
 -3.9652286122817429E-19
  5.1562596442019610E-20
  2.0245683018327204E-19
 -6.1147705229323825E-20
 -1.9985514456190429E-19
 -5.5837358457288997E-20
  1.7553428928693283E-19
 -1.2364876203692185E-19
 -1.2419400808205834E-19
  3.3075445283521637E-19
 -2.0142223759640462E-19
 -7.2508033387884893E-20
 -2.6195665628827098E-19
  1.2236933497941734E-19
  1.5782993280477008E-20
 -2.2215146243717182E-19
 -1.5276594538397470E-19
  1.1501778352362602E-19
 -2.1322904318843810E-19
  1.9573843558919942E-19
  2.0742753900303845E-19
 -3.6970628351773495E-19
  8.8735647004355317E-20
 -2.7729480820723282E-20
 -2.1886627836378881E-19
 -5.9937986418816497E-21
 -2.0566391747769901E-19
  1.4287693761912105E-19
 -3.5245353238385674E-20
  5.0193120408421551E-20
  1.5161296036810398E-19
 -1.1023578184935925E-19
  2.3254767506514447E-19
 -4.5559121682594657E-20
  8.3277280899993206E-20
  3.8627951072106203E-20
  1.1941324831133875E-19
 -5.5892091869169808E-20
