                     128
                  0.5000
      0.0000000000000000
  2.7814117251577769E-01
  2.3675575948962690E-01
 -6.6992137885540815E-02
  2.3353791246042574E-02
 -8.8801417594688830E-03
  3.5611661266961091E-03
 -1.4824442869688947E-03
  6.3426620229936408E-04
 -2.7704017562398968E-04
  1.2295665360119768E-04
 -5.5265408947412575E-05
  2.5095692979093226E-05
 -1.1492431392237454E-05
  5.3003023525958961E-06
 -2.4592710357970991E-06
  1.1470062102940503E-06
 -5.3738577408406177E-07
  2.5277173792382793E-07
 -1.1931497888415632E-07
  5.6496290830382892E-08
 -2.6826463601439387E-08
  1.2770444930253488E-08
 -6.0931948957591927E-09
  2.9133429998410315E-09
 -1.3956230822640705E-09
  6.6974062056461650E-10
 -3.2191939031904142E-10
  1.5496601786182834E-10
 -7.4701150748290293E-11
  3.6055973939252320E-11
 -1.7424018603944850E-11
  8.4295877205402821E-12
 -4.0824438492053799E-12
  1.9790741913989218E-12
 -9.6029955672960098E-13
  4.6636782237287873E-13
 -2.2667373430903958E-13
  1.1025702863980467E-13
 -5.3669454847374761E-14
  2.6141878403839742E-14
 -1.2740988640763934E-14
  6.2114255130436503E-15
 -3.0286494845424131E-15
  1.4768539329914408E-15
 -7.1996074582761826E-16
  3.5126297382453830E-16
 -1.7223094274075502E-16
  8.4996533000253046E-17
 -4.2430664901449404E-17
  2.1232241144948896E-17
 -1.0917132702873395E-17
  5.5709822611348954E-18
 -1.4400547569129889E-18
 -4.4886738674840099E-19
  3.7235104195102925E-19
 -5.7840615645046511E-19
  8.1415389065275127E-19
 -2.1964456236553473E-18
  3.0627238595708768E-18
 -2.4982859504875381E-18
  1.2325954182312588E-18
  9.2674432456253843E-19
 -2.0990452766885107E-18
  1.7815834659005211E-18
 -9.1218464574078489E-19
  4.8226013929440857E-19
 -6.7923056503019626E-19
  3.2150399517380383E-19
 -1.0723500436544966E-18
  2.0426779422599025E-18
 -1.3761623470742334E-18
  1.1674378585797157E-18
 -1.0347418796645119E-18
  6.3602266188194936E-19
 -2.1207269369541668E-19
  6.0010141050954991E-19
 -1.0237888205150064E-18
  1.4554622727540991E-18
 -1.5236520668543711E-18
  1.9077618986229197E-18
 -1.3898425482240615E-18
 -2.4897432311720863E-19
  7.8288220255412542E-19
 -9.0635633956018171E-19
  1.0057562582172186E-18
 -1.1862543940842470E-18
  1.3326123453497063E-18
 -9.5521846318348711E-19
  8.7507573751572032E-19
 -1.0377426843103478E-18
  1.0162685302604776E-18
 -9.9627765485395215E-19
  1.0945018408535582E-18
 -1.2951241472583875E-18
  6.7872144087357621E-19
 -4.0369038274978638E-19
  8.3863589182204552E-19
 -1.0840779852728550E-18
  5.9790361427884034E-19
  2.9841881062225167E-19
 -9.2556490402747545E-19
  7.3331427792604280E-19
 -5.0071025557705551E-19
  4.9881817496998036E-19
  3.8211439881371974E-20
 -4.5371643143846436E-19
  9.5521072185694798E-19
 -1.3607260753950174E-18
  1.0551939476572545E-18
 -7.2475024814964144E-19
  7.5610417653525957E-19
 -6.2439284033584381E-19
  9.0047331716646275E-19
 -8.8258570537950274E-19
  5.0439960699696817E-19
 -1.6662644866926840E-19
  1.6226652104362354E-19
  8.0546054782406905E-20
 -2.2551286833357631E-19
 -1.1863848268036052E-19
  1.0563324371614293E-19
  1.2632158070110547E-19
  8.5716129445643643E-20
 -5.2795506171055620E-19
  5.7136837705176513E-19
  4.0057947430933217E-21
 -3.1260631567600348E-19
  2.6360643443826078E-21
