                      32
                  0.0480
      0.0000000000000000
  2.3040244190642603E-03
  2.2067984379898559E-04
 -5.3084396522534468E-06
  1.6987161822042258E-07
 -6.1153741662074177E-09
  2.3483027322023751E-10
 -9.3932117271707541E-12
  3.8646123072553347E-13
 -1.6233005978623923E-14
  6.9727278587047348E-16
 -3.2356182870691903E-17
 -7.2781340077887444E-18
  3.0855567133309817E-18
  1.4317660405171000E-18
 -2.7904069548881620E-18
  4.8839546571508139E-18
  3.2073245381291640E-19
 -3.0576453870759199E-18
  3.1483734414963246E-18
 -1.9410517101878958E-18
  2.5154504189525994E-18
 -4.0000921395963134E-19
  5.0500175932827011E-19
  2.4098822383757239E-19
  5.1983926344600685E-19
 -2.5590386455507852E-19
 -3.0889611251324675E-19
 -2.1270942311628487E-18
  2.9489761845441627E-18
 -1.3341368945926147E-18
 -1.9457912388592068E-20
  2.0864274942556166E-19
