                     128
                  0.1704
      0.0000000000000000
  2.9079160797080655E-02
  9.6424005229077906E-03
 -8.4345227490387057E-04
  9.5933642211133913E-05
 -1.2258733409684760E-05
  1.6708594814639791E-06
 -2.3723099521159923E-07
  3.4645179805803186E-08
 -5.1650259558999280E-09
  7.8224709566719121E-10
 -1.1995327327198493E-10
  1.8580026303077077E-11
 -2.9019249537197285E-12
  4.5640957586874869E-13
 -7.2212355793765677E-14
  1.1486492952329739E-14
 -1.8330085753228820E-15
  2.9370386332578947E-16
 -4.9458511943225810E-17
  8.6598478099263858E-18
 -1.0103046552170980E-18
  1.9193848099192184E-19
 -1.1428809678301401E-19
 -1.9866181427860536E-19
  1.4785285650685152E-18
 -1.0227037480492395E-18
  5.9398412700805817E-19
 -3.3244786631872940E-19
  6.4254417371891791E-19
 -1.8193476655082772E-19
  1.0232632664686064E-18
 -1.1743528121195332E-18
  1.0339351985848404E-18
  1.0174238002525546E-19
 -3.9941302163618644E-19
  4.8449009078360236E-19
 -1.1697313169691865E-18
 -2.6919090473245786E-19
 -3.7193056323616879E-19
 -3.7520011162276502E-19
  1.1661076734220227E-19
 -1.0375645337694864E-19
  3.5141658156891108E-20
 -7.2535567803940453E-20
  3.2419489542741522E-19
 -8.8094262193720503E-19
  2.4959626644045243E-19
  1.7192161519281441E-20
 -3.1302940913107567E-20
 -2.3510232651747837E-19
 -9.4939682402722973E-20
  3.6212002039894754E-19
 -1.1514929228130387E-19
 -1.1599166070352695E-18
  3.1141229922914821E-19
  8.4594931957054774E-20
 -3.0904555000690244E-20
  3.2093089377397238E-19
 -2.0818252095609231E-19
 -1.4849290711183226E-19
  6.9749023278678088E-19
 -6.6711709714072178E-20
 -7.5025153977252667E-20
 -2.7904036949669587E-19
  1.6153691194510748E-19
  6.4098845431711055E-19
 -3.5137813522315407E-19
 -3.2518302211643629E-19
  1.5021467898116197E-19
 -3.8048900924078125E-21
  1.7166501500387298E-19
 -3.0182680289578219E-19
 -1.7651760501485439E-20
  1.6452923201755898E-19
 -4.0356182499613916E-19
  9.7733846639140122E-21
 -6.3026030892696012E-19
  3.4253959610292285E-19
 -3.1260763770807464E-19
  4.3397203895545908E-19
  1.1624366871176536E-19
 -3.9344995219688614E-19
  1.5243318457320498E-19
 -1.2465718155254821E-19
  4.1247040940012473E-20
  7.7939843103333860E-20
  1.8101938320210292E-19
  1.5174177190388443E-20
  1.7970349866456309E-19
  2.2069742959317098E-19
 -1.6442643015744723E-19
  2.6843693072462023E-19
 -6.4652252748520215E-20
 -4.9968826098070138E-20
  1.1145907689768378E-19
  1.4045922680646696E-19
 -3.0592764675243578E-19
  1.1562984501474448E-19
  5.2242206407553244E-19
 -1.5890112803367365E-19
 -3.0626289390757811E-19
  2.4790077843521949E-19
 -2.6646737606193059E-19
  5.1192612342010228E-19
 -5.4885124935649826E-20
 -3.0933895268003935E-19
  2.4542129789185691E-19
 -1.0545457921661158E-19
  9.5416103102011734E-20
  6.1762968045025674E-21
  8.9441246784128384E-20
 -4.6032942327368792E-21
 -3.3265659873255855E-19
  2.2269456035624366E-19
  1.6155823458832878E-19
 -1.3293642238023237E-19
 -2.2943566022196394E-19
  8.1425985245465791E-20
  9.3912710818109827E-20
 -2.7787942182354848E-19
  3.8690944138338693E-19
 -1.3310423431697526E-19
  4.9725903105015772E-20
  8.7738603498567610E-20
  6.0248067349713885E-20
  4.6848309236315603E-20
 -5.2008656269196422E-20
  1.1416024867045664E-19
