                      32
                  0.0360
      0.0000000000000000
  1.2960043493415575E-03
  9.3191796971612033E-05
 -1.6796183605097739E-06
  4.0310957422282643E-08
 -1.0883956239828006E-09
  3.1345788987383938E-11
 -9.4036689175798630E-13
  2.9017898941491548E-14
 -9.1891296398089647E-16
  3.7739796781967320E-17
 -5.5717137916114806E-18
 -1.1566334970073559E-18
  2.7419419433654550E-18
  2.0904993079595213E-19
  4.3394200255651337E-19
  4.6991729134547468E-19
  1.3607956098668642E-18
 -1.9510254219484409E-18
  4.7875782968017024E-20
  1.1039240877843414E-18
  7.9278421803500051E-19
 -4.9806034059450073E-18
  2.0606663950873528E-18
  4.2687858412770302E-19
 -1.5207898988500722E-18
  1.3511619022632007E-18
  1.6894992256611406E-18
 -1.2789016947721569E-18
 -2.8398593388430334E-19
  5.2741394190088148E-19
  1.3488755372935168E-18
 -1.3820318866614050E-18
