                      32
                  0.0460
      0.0000000000000000
  2.1160189186218131E-03
  1.9426412287407987E-04
 -4.4774728172281287E-06
  1.3731022347142992E-07
 -4.7372000168106085E-09
  1.7432890691943323E-10
 -6.6826077430467119E-12
  2.6348085653058128E-13
 -1.0606268522741178E-14
  4.3615087171786698E-16
 -2.3801904366626080E-17
  7.2946015163461915E-18
 -8.3701540749897529E-19
 -6.5950142451428104E-18
  5.4069643068221825E-18
 -8.1969829027396197E-19
  2.2416311445301311E-18
 -5.5228255401944086E-19
  2.4514147857215142E-18
 -3.7256856472041600E-18
  2.4783355109311706E-18
  1.0177860847255796E-19
  2.9980965184913615E-20
 -7.5001384612116873E-19
  1.3134232441784279E-18
 -8.5758761035390803E-19
 -3.0933790759376937E-19
 -1.1260728599126591E-18
 -2.0069889970688617E-19
 -1.4407303733750316E-18
  1.2084070686942026E-18
 -1.3008552716992330E-18
