                     128
                  0.2600
      0.0000000000000000
  6.8190169986447211E-02
  3.3430463253173080E-02
 -4.5899374445576169E-03
  8.0051471828151055E-04
 -1.5612492195420471E-04
  3.2464326027864305E-05
 -7.0322244554357837E-06
  1.5668968386706999E-06
 -3.5641929203190300E-07
  8.2363330536155405E-08
 -1.9271277690474286E-08
  4.5546864955243791E-09
 -1.0854644294843205E-09
  2.6049720209638661E-10
 -6.2888472679816485E-11
  1.5260298659781434E-11
 -3.7195607260962910E-12
  9.1016590161972890E-13
 -2.2349057591876339E-13
  5.5049093492175325E-14
 -1.3597266374484283E-14
  3.3674490444768548E-15
 -8.3304978668940059E-16
  2.0595325290885833E-16
 -5.0967919379252531E-17
  1.3054071778675035E-17
 -3.7063172889011653E-18
  1.7673006291579403E-18
 -2.9299443236184642E-18
  1.0163755291705292E-18
  7.6753530451352998E-19
  9.3824177728554024E-19
  1.8296086338124650E-19
 -1.2226115486137645E-18
  3.1786054769537512E-19
 -7.9955324020949070E-19
  3.6316723658718646E-19
  7.0468359882460157E-19
 -6.2531586191123942E-19
  1.1511787515534802E-19
 -4.2230927596712395E-19
  8.8889043999356943E-20
 -7.6824155787442894E-20
  1.0071127417114093E-18
 -5.0367046734699921E-19
  1.5546913982128375E-18
 -7.0158603075272414E-19
  2.8859101136371931E-19
 -1.0214037045193902E-18
  4.1580442127769461E-19
  6.9270104032597174E-20
 -9.7408189367023747E-20
 -8.2277715871305582E-19
  3.6060802648403228E-19
 -2.6084262241370212E-19
  7.4505305997146640E-19
 -4.1401102046680518E-19
  4.1639516426656212E-19
 -3.9320836425927432E-19
  4.8149394615707077E-19
  1.2576493757322551E-21
 -9.3044837678046267E-19
  1.1003758985011116E-18
 -7.9135469213465243E-19
  6.0899152610468319E-19
 -2.5227439821269531E-19
  1.8506641901878848E-19
 -8.6881240515681338E-19
  9.4662489569260657E-20
  4.2002221442578833E-21
  5.0794368485945371E-19
 -3.4778359315628920E-19
  2.4009595774036237E-19
 -8.1753293198702706E-20
  5.3915967857681241E-19
 -5.5005411739024261E-19
  3.5734757052779067E-19
 -3.1871142028349264E-19
 -3.0948231302432575E-19
  4.1907868499747326E-19
 -3.7802063200696462E-19
  2.0007079268533251E-19
  3.9850229406998376E-19
 -1.9616900901263252E-19
  3.1276837303264900E-20
 -2.4136545222219599E-19
 -3.0116167239672507E-19
  6.2624588592656260E-19
 -8.9734687122932121E-19
  9.5591872697462905E-19
 -5.2085672195506930E-19
  1.8980678823469766E-20
 -2.0899965522836735E-19
  5.5865919018033139E-19
 -2.7970508414787168E-19
 -5.7575966573722263E-19
  4.0767901355139834E-19
 -5.0404396360607621E-20
  5.0488741021542027E-19
 -2.9000211387856993E-19
  1.2064340713716191E-19
 -3.6874524095237745E-19
 -5.3607869116335496E-20
 -3.2580017847998143E-20
  3.5019181358409684E-19
 -1.4628262119048568E-19
 -2.2544456333243052E-19
  2.2431517356149031E-19
  8.3904451506430260E-20
 -5.5578931890468935E-19
  3.7021231901174172E-19
 -6.1765586833146826E-20
  1.9214954774570239E-19
  5.2584290374392076E-19
 -6.3146623281746450E-19
  1.0969290643205537E-19
  1.6851562043407360E-19
 -1.5344144384379472E-19
  3.5062182887973918E-20
 -1.9367686406320742E-20
  5.5191717867349707E-19
 -4.0948127745101479E-19
  1.1904905590867801E-19
 -4.5887080875632089E-20
 -1.7255236599950440E-19
  1.7973644317848915E-19
  1.1722685420008491E-19
 -1.9667604110870643E-19
