                     256
                  0.9200
      0.6609583056029256
  3.6953565266989123E+00
  8.4143292538781260E+00
 -7.2857086861723153E-01
  1.3171706078810648E+00
 -2.0861246167710085E-01
  3.4256523120054000E-01
 -6.0595037222660728E-02
  1.0280092367977525E-01
 -1.8687128780485125E-02
  3.3661848195076484E-02
 -6.2101708994576205E-03
  1.1710330430779230E-02
 -2.1947730763087793E-03
  4.2491950910654875E-03
 -8.1098642276629287E-04
  1.5887100836180061E-03
 -3.0915898490036897E-04
  6.0712091790411963E-04
 -1.2044717487637866E-04
  2.3583952480429378E-04
 -4.7644785359734643E-05
  9.2769735881379005E-05
 -1.9049936658232350E-05
  3.6852408870681180E-05
 -7.6760693101292834E-06
  1.4755590168015898E-05
 -3.1112242392325215E-06
  5.9467819058726348E-06
 -1.2670114654121460E-06
  2.4099977480676319E-06
 -5.1809813880464200E-07
  9.8141298517962247E-07
 -2.1265610384266784E-07
  4.0137944298177175E-07
 -8.7597397897275009E-08
  1.6479395284814116E-07
 -3.6206186167373843E-08
  6.7897266050449416E-08
 -1.5013305526316837E-08
  2.8063758442641926E-08
 -6.2442407526101661E-09
  1.1632935509844444E-08
 -2.6042730290912033E-09
  4.8345723030583830E-09
 -1.0888921093328437E-09
  2.0138896544767559E-09
 -4.5631715037308684E-10
  8.4065012981843111E-10
 -1.9161854508310553E-10
  3.5156096410478573E-10
 -8.0615986205339998E-11
  1.4726741170369708E-10
 -3.3975297483748290E-11
  6.1781649791423657E-11
 -1.4342653709711279E-11
  2.5953487234648937E-11
 -6.0645687308167239E-12
  1.0915942121852169E-11
 -2.5684399806566192E-12
  4.5963626649513820E-12
 -1.0895445293856898E-12
  1.9374138970124746E-12
 -4.6293158678282172E-13
  8.1744034132355735E-13
 -1.9701231047030056E-13
  3.4524837384438768E-13
 -8.3997145164478141E-14
  1.4595638690537892E-13
 -3.5847034512312415E-14
  6.1740294929308774E-14
 -1.5294871488388236E-14
  2.6112086149061994E-14
 -6.5111542494417730E-15
  1.1023820991141897E-14
 -2.7464674678615435E-15
  4.6263519010969351E-15
 -1.1220219590279889E-15
  1.9096152866728601E-15
 -4.3121361876527782E-16
  7.8150089401975712E-16
 -1.7081566906837751E-16
  3.3257234688770388E-16
 -9.7285026340773159E-17
  1.8262800042803207E-16
 -9.9997872658744217E-17
  1.4927579778821270E-16
 -1.0793017515703821E-16
  1.1525460917430536E-16
 -8.2144554661098386E-17
  7.2330474632299554E-17
 -5.0960956198997665E-17
  2.4661522698133174E-17
 -2.2899800277420632E-18
 -1.9286170829116875E-17
  2.0285257272791218E-17
 -3.4893838100379464E-17
  2.7310188957339162E-17
 -2.2782603036725883E-17
  4.8034159618119493E-18
 -6.4714029326416619E-18
  6.9801772263661140E-19
 -1.1807053246887464E-17
  8.5368013066878101E-18
 -1.6039132869916270E-17
  1.9706759510588598E-17
 -2.1088758869777721E-17
  2.3875242373884242E-17
 -2.3415687285865421E-17
  2.3708086058457766E-17
 -2.2766615749282670E-17
  2.3134122931553048E-17
 -2.0640487208851272E-17
  2.1106579356794260E-17
 -1.6493740669249817E-17
  1.6799560192430328E-17
 -1.3390892863150139E-17
  2.0557804088315697E-17
 -2.0665136482269246E-17
  2.5271324236385433E-17
 -2.4847549820190854E-17
  2.9361047491137370E-17
 -2.5668669096894575E-17
  2.0793112034665024E-17
 -1.2229213119358512E-17
  6.1226057275929699E-18
  2.9318525336487662E-18
 -1.4651433682019294E-17
  2.2574749403646742E-17
 -2.6575599881402050E-17
  2.3229222989864400E-17
 -1.2453628488153892E-17
 -2.4164915818156573E-18
  1.1270773302671819E-17
 -1.9331014037508804E-17
  1.3269975700306829E-17
 -1.0822537421435999E-17
  5.2688468538797415E-18
 -7.6247930960992527E-18
  1.6002123026235500E-17
 -2.5112267066244688E-17
  4.0014127063877434E-17
 -4.4870183128764210E-17
  4.2169578687309919E-17
 -3.7258565725057330E-17
  2.4893858952539863E-17
 -1.9321397404398329E-17
  1.1664186065388154E-17
 -1.1595436432287419E-17
  1.4342645840307414E-18
  3.1004204054777081E-18
 -1.3322090676045582E-17
  2.0097934129105586E-17
 -3.0578831277641819E-17
  3.7030525635634115E-17
 -4.3832915495727071E-17
  4.6058560531683872E-17
 -4.3265952725911133E-17
  3.8673785258959928E-17
 -3.4920760087608033E-17
  3.0264064349305037E-17
 -2.8373718289940315E-17
  2.5847355468549622E-17
 -2.4793331929503065E-17
  2.2281398831055380E-17
 -2.2465737019189961E-17
  2.2722327948622808E-17
 -2.3664199602172060E-17
  2.2273132010454594E-17
 -1.5096765117788817E-17
  5.4639311709503484E-18
  2.9644046934475329E-18
 -1.1271335228436741E-17
  1.0833653936848562E-17
 -1.3313976952393535E-17
  8.9644089360032693E-18
 -9.7196201223243478E-18
  6.2406370711695257E-18
 -1.9082907793642914E-18
 -7.1953151523843606E-19
  3.5172483423818682E-18
 -2.8800505631954870E-18
  3.4743368137718278E-18
 -1.4621487580483986E-18
 -2.9787524330113039E-18
  8.9644685835133602E-18
 -1.7198228002929336E-17
  2.6314279503412078E-17
 -2.9343899438351423E-17
  3.3460902394571436E-17
 -3.5704544404420599E-17
  4.4978702798792857E-17
 -4.9384795245769806E-17
  5.4884628389403862E-17
 -4.8922879140216907E-17
  4.5776142138226311E-17
 -3.1283338241671939E-17
  2.1504172882942769E-17
 -6.8276421769346725E-18
 -2.6518790205103303E-18
  1.2260949562926688E-17
 -1.8721097135794148E-17
  2.3942210170129102E-17
 -2.6115379754460223E-17
  2.8767332371748156E-17
 -3.1250563599469555E-17
  3.4035821818000012E-17
 -3.6915305132999920E-17
  4.0123117465423640E-17
 -4.1254644505694118E-17
  4.1942434796818609E-17
 -3.6117773337294477E-17
  2.4991251646124140E-17
 -1.5236551243554613E-17
  3.1140480930601844E-18
  1.0364173666084377E-18
 -2.8725248725944945E-18
 -1.2148733423371061E-18
 -2.5121041151575366E-18
  2.9131394283793538E-18
 -1.1528533675154541E-17
  1.7243851894610673E-17
 -2.2616566897941530E-17
  2.3858834396883212E-17
 -2.4464168637297272E-17
  1.8092163440325142E-17
 -8.8742171007710498E-18
 -1.9055704614488901E-18
  1.6403169531752851E-17
 -2.2592836541909792E-17
  2.6057899477791504E-17
 -2.5152548816262710E-17
  2.6894130791873303E-17
 -2.1524375774178257E-17
  1.9264386030101143E-17
 -1.2599868778163682E-17
  9.4046560762124718E-18
 -5.9185139268591949E-18
  8.1211139869148144E-18
 -6.1121740160793219E-18
  1.0987785827916224E-17
 -9.8771331358719083E-18
  8.0741635624915393E-18
 -3.6849911778385828E-18
  1.4578317209351961E-19
  3.6566660221519942E-18
 -8.8368646978358248E-18
  1.1436161924086890E-17
 -1.4834703658119025E-17
  1.5531279930168298E-17
 -1.7894936417291860E-17
  1.9176607013804016E-17
 -1.9519805266682354E-17
  1.8218290562426265E-17
 -1.2205229049383371E-17
  8.4208982367173736E-18
 -1.6719000726642840E-18
