                     128
                  0.2785
      0.0000000000000000
  7.8463297452260272E-02
  4.0902904144262238E-02
 -6.0536258689460366E-03
  1.1329104243882969E-03
 -2.3673497057664466E-04
  5.2730163136335168E-05
 -1.2235047736546575E-05
  2.9202535356559626E-06
 -7.1156420156816762E-07
  1.7614218622260389E-07
 -4.4148845154793201E-08
  1.1177604249326865E-08
 -2.8535717655426235E-09
  7.3360191509906820E-10
 -1.8972022225321255E-10
  4.9316420388343499E-11
 -1.2876763480304619E-11
  3.3753936460522829E-12
 -8.8787201000916115E-13
  2.3427148097225363E-13
 -6.1987618406579563E-14
  1.6446358700233554E-14
 -4.3738353505966732E-15
  1.1663152193037074E-15
 -3.1080811924219286E-16
  8.2665282659856666E-17
 -2.2736835093383450E-17
  5.6671658673928992E-18
 -1.0376606616123547E-18
  7.0086187560219572E-19
 -1.6397511455162127E-18
  1.1466285466221042E-18
 -1.6188273282336363E-18
  9.6027020739498230E-19
 -1.4719865218929742E-18
  2.1662349572965556E-18
  2.4611619176904441E-19
 -2.9540082099935131E-19
 -1.0882012265567725E-18
 -9.1032532977226220E-19
  1.2575471754232429E-18
 -1.2733515475098353E-18
  6.7588988685961413E-19
 -1.4704772607213732E-19
  1.0831293164171234E-19
 -1.2351351619450660E-18
  1.4572379843155204E-18
 -4.8427810751431610E-20
  8.7332622857152055E-21
  5.9931342868458670E-19
  6.7804892228002456E-19
 -2.3130787379013343E-18
  1.8272626017754938E-18
 -8.0930980806574759E-19
 -5.7183067435233480E-19
 -1.9046566414393919E-20
  6.9590907069289519E-19
 -2.7727401253470530E-19
  2.1996057074524845E-19
  1.9992278818304378E-19
  3.8268262256931247E-19
  4.7325405046763327E-19
 -1.2823229490324259E-18
  1.1403670118814952E-18
 -1.2585618089666915E-18
  1.5469184408271159E-19
  5.9987217745151356E-19
 -5.5457353138535666E-19
  1.0174504562051120E-18
 -1.3631256824054390E-18
  1.0539622208273065E-18
 -9.2380147039226517E-19
  1.3404611959969162E-18
 -9.7916671902680888E-19
  3.4780014223811582E-19
 -2.2181707275984563E-19
 -1.6634367397782215E-19
  6.3481815438579672E-19
 -8.7274222128932220E-19
  5.0823952022201115E-19
  1.4616124161120832E-19
 -1.8317149305135840E-19
 -1.1564268787025093E-19
 -4.7795985718361345E-19
  1.0428300823566783E-19
 -1.4496811122097269E-19
  4.2927450088005983E-19
 -4.8613382060068063E-19
 -1.7959139313339460E-19
  8.2289359694721306E-19
 -6.7469216225425289E-19
  4.8395696798395207E-19
 -7.0585037408591069E-19
  1.2492921202439419E-19
  1.4973871506097104E-19
  9.8516041446589637E-20
 -3.0279976485599912E-19
  8.8942315615989842E-19
 -4.1159729307097004E-19
 -1.6218718506605282E-19
  1.4245965253786389E-19
 -1.9177349382404740E-19
 -4.0045619223952362E-20
  6.8588029677951505E-20
  1.6962980176109505E-19
  3.9323111561861957E-19
 -2.7793607599478341E-19
  1.3198501131179036E-19
 -1.3632442427564499E-19
 -7.9829122192932007E-20
  4.9279634565293414E-19
 -2.6809152914597410E-19
 -2.8053780202492963E-20
  1.2404419487384676E-19
 -2.6358721798788161E-19
  4.3182738364996793E-19
 -3.5714608085468534E-19
  3.5715898068927014E-19
 -4.6269895627813222E-19
  3.3846703908731531E-19
  3.4965927246261939E-19
 -5.0695982771390782E-19
  1.4114926601039477E-19
  2.6255593346524503E-19
 -1.2859401113855408E-19
  6.8438756761618622E-20
 -3.6533648504530968E-19
  2.5653710040920610E-19
