                     128
                  0.3300
      0.0000000000000000
  1.1131310469490580E-01
  6.7283050580174017E-02
 -1.2002581384181144E-02
  2.6773394983595649E-03
 -6.6347693021674020E-04
  1.7506575743413312E-04
 -4.8115003534194817E-05
  1.3603404875267000E-05
 -3.9265749263319375E-06
  1.1514657763902754E-06
 -3.4190525529596841E-07
  1.0255150462972034E-07
 -3.1016670514206557E-08
  9.4468006616086563E-09
 -2.8944078075133115E-09
  8.9137947647816412E-10
 -2.7574356546844399E-10
  8.5635214475316738E-11
 -2.6687539552324769E-11
  8.3427696242810433E-12
 -2.6152874689208057E-12
  8.2189905742283419E-13
 -2.5888269982121483E-13
  8.1712437009539496E-14
 -2.5841822001962134E-14
  8.1857632918351951E-15
 -2.5963230324614809E-15
  8.2649211939396260E-16
 -2.6530390992055922E-16
  8.4079865974398071E-17
 -2.4504764017685357E-17
  5.4446565254792956E-18
 -3.5333518947172831E-19
 -9.1883340781457617E-19
  1.9344262906259766E-18
 -8.2258719950635277E-19
 -4.7549914289460497E-19
 -8.1912652285617517E-21
  8.5395319958255625E-19
  8.0219935812975365E-21
 -1.8222302842737658E-19
  9.3081671262640729E-19
 -2.0379956709143308E-18
  2.0540260506873666E-18
 -8.5320711184319698E-19
 -1.3088626833505764E-19
 -7.2712237651389247E-19
  5.5102486987826008E-19
 -4.5778110878300981E-19
  6.9968623096819245E-19
  2.8127059132733609E-19
  6.0470706008899375E-19
 -9.2659229225596414E-20
 -1.4003134959509616E-18
  1.5556290891726745E-18
 -1.5884486036225242E-18
  1.3751018185530454E-18
 -1.1764408896588168E-18
  1.1977294505220141E-18
 -1.2566323630471051E-18
  5.5085515621634493E-19
  1.3122846784465294E-19
 -1.1025639985225119E-18
  9.4118346126138385E-19
 -5.4645429639235347E-19
  2.2787544713263921E-19
 -2.2339234405301391E-19
 -2.8579716307366084E-20
 -3.6029048497429742E-19
  8.1459077631862104E-19
 -1.2712091473739821E-18
  1.5188734707681928E-18
 -4.0976591815889129E-19
  3.7314433767558078E-19
  4.9028273622073733E-19
 -1.1936123216299566E-18
  3.2625884794337086E-19
  1.8156795719966076E-19
  1.8997633876205432E-19
  2.0421059139530308E-19
 -2.7338770554371002E-21
 -7.9985192656073510E-19
  4.7193215422965723E-19
 -2.8726625965435287E-19
  5.4423081381998784E-19
 -1.0349998978376662E-18
  5.5501593457794101E-19
 -6.6492195608327396E-19
  7.6980041240035904E-19
 -1.7404836341017583E-19
  6.9023670847719274E-20
 -5.0600542121010212E-19
  3.4146382965282928E-19
  4.9935818527727386E-19
 -8.9964604014998355E-19
  1.0311345555314639E-18
 -8.1516980787071047E-19
  3.1186221288470661E-19
 -5.7086153265766271E-19
  4.5120452855005201E-19
 -1.1739518494261638E-19
 -2.1861689900977685E-20
  2.9950288878643711E-19
 -6.5444444973029085E-20
 -5.6635032846673579E-21
 -6.9797515354625812E-21
 -1.4081054617958741E-19
 -9.4673381904985003E-20
  1.0379192934734061E-19
  7.6528390391151137E-20
  3.1426658143620383E-19
 -3.6093577891866782E-20
 -3.6497439077422388E-19
  1.1019441420064753E-19
  1.4312361180310283E-19
 -7.1088175437582007E-20
  2.1842752050071064E-19
 -3.4393618228876994E-19
  4.1133900132053386E-19
 -2.8819597383037259E-19
  9.4265583917079621E-20
 -8.4375532395478518E-20
 -1.5769973653733734E-19
  9.2111332728374191E-20
  4.6198268197220127E-19
 -5.3365959431927170E-19
  1.5320722808437926E-20
 -3.9784051723427437E-21
