                      32
                  0.0390
      0.0000000000000000
  1.5210070294785763E-03
  1.1845882816200478E-04
 -2.3134454813407430E-06
  6.0149822323714878E-08
 -1.7593817885601012E-09
  5.4892707810317259E-11
 -1.7840010630520714E-12
  5.9642612294194538E-14
 -2.0398950631547683E-15
  7.7527722760074427E-17
 -3.7064388856853496E-18
 -1.2586526715593290E-18
  3.5680812826170841E-18
  1.5024545050602490E-18
  2.5502805610155072E-18
 -2.9449323829003759E-18
  3.3657181756610960E-19
  7.3502703316959141E-19
 -1.7779318931208160E-18
 -2.4726620475735744E-19
  6.0489796218940432E-19
 -6.6826658658504182E-20
 -2.2418410967929487E-20
 -8.6540033006702946E-19
  4.0881683605279948E-18
 -1.4082296127768544E-18
 -1.8321286838766273E-19
  1.7114078286721410E-18
 -1.8851561324708993E-18
  9.6929369061112780E-19
 -1.0698670811077344E-18
 -1.2492905462354132E-19
