                      32
                  0.0220
      0.0000000000000000
  4.8400022667755439E-04
  2.1285715991957174E-05
 -2.3425604583938917E-07
  3.4357567555049804E-09
 -5.6689991419115771E-11
  9.9774285693017428E-13
 -1.8285800842091935E-14
  3.5451842202396773E-16
 -1.5381158020302964E-17
  2.5691027434376690E-18
 -1.4129270894476112E-18
  3.0227897355638599E-18
 -3.7405539677313589E-18
  1.1159913014656446E-18
 -1.4956258513404982E-18
 -6.3168519099789389E-19
  9.7239954595385865E-19
  3.6342006951764169E-18
 -1.6331073362250734E-18
  2.1217446618128686E-18
  1.3059496195645087E-18
 -2.5217048442858547E-18
  2.1592422525421357E-18
 -1.4513489103443400E-18
  1.8100931473022270E-18
 -8.2892320079824834E-19
  6.5254323144980357E-20
 -5.0507855225226262E-19
  1.4885175520019620E-18
 -1.3308333487856259E-18
  1.1836534212617058E-18
 -3.9193747971183132E-19
