                     128
                  0.4700
      0.0000000000000000
  2.4036028343270102E-01
  1.9474835001191293E-01
 -5.1475674212071908E-02
  1.6764003018910949E-02
 -5.9705248229360809E-03
  2.2475799384636332E-03
 -8.7927190919599555E-04
  3.5368992856891563E-04
 -1.4526010348127254E-04
  6.0618580961046483E-05
 -2.5617838517900699E-05
  1.0937253473237734E-05
 -4.7089919378351745E-06
  2.0417995098910379E-06
 -8.9064950852707685E-07
  3.9052366714509245E-07
 -1.7200587900354763E-07
  7.6060030797145867E-08
 -3.3751249835474348E-08
  1.5023750619195963E-08
 -6.7062925034669096E-09
  3.0011189372485627E-09
 -1.3461025590716862E-09
  6.0503243009092255E-10
 -2.7246292151131149E-10
  1.2291265499658582E-10
 -5.5537512140091206E-11
  2.5131814110194298E-11
 -1.1388370333552409E-11
  5.1672278658018768E-12
 -2.3473310781421656E-12
  1.0675226774370740E-12
 -4.8599768905142886E-13
  2.2147175392885549E-13
 -1.0102081838927702E-13
  4.6120635006034466E-14
 -2.1071303366312210E-14
  9.6334739952845445E-15
 -4.4095139503332435E-15
  2.0189537634633190E-15
 -9.2434235103574826E-16
  4.2595000326859768E-16
 -1.9695619325195885E-16
  8.9359303412236324E-17
 -3.9773471988559073E-17
  1.8188214109910482E-17
 -8.3893398093875852E-18
  3.3113504589337936E-18
 -6.9906176140887214E-20
 -1.6193609835581310E-18
  8.7407067836071399E-19
 -2.4431285919233737E-19
  7.4141846776974956E-19
 -1.7849860771419075E-18
  2.2046992702595461E-18
 -1.0999720004079036E-18
 -8.8270645635378196E-19
  7.1425096756788879E-19
  4.8802002284885604E-19
 -7.5337061099648370E-19
  5.6609043872956911E-19
  5.6467559283304963E-19
 -1.0111963926151407E-18
  4.2619080014043910E-19
 -1.5574504274540677E-19
  6.9990007024115340E-19
 -1.3742556713594293E-18
  6.7669526913531524E-19
  1.2385304956767394E-18
 -2.2314576671411415E-18
  1.5028963022952001E-18
 -1.0843672860258439E-18
  1.0684274074464106E-18
 -6.9426599533116070E-19
  1.2903559586540404E-18
 -1.1292028478203933E-18
  1.8071792984500477E-19
 -5.7540556351596071E-20
 -7.9797354656001117E-19
  1.3693356442356138E-18
 -9.5008447934587286E-19
  6.5974100269977462E-19
 -3.9406087863688482E-19
 -1.8401447238348751E-19
 -1.3532628994063869E-19
  1.3047292960122545E-18
 -2.0565844675537417E-18
  1.8152857490195610E-18
 -1.7595522904261085E-18
  2.1317116756606468E-18
 -2.2586943542812124E-18
  2.5563146994954995E-18
 -2.7824615042096029E-18
  2.0831878451685001E-18
 -8.5575152083985737E-19
  2.0423423236407892E-19
  1.3924953622330110E-19
 -4.3146048518906390E-19
  5.3921536470325513E-19
 -4.6739074553959690E-19
  3.9545616816238820E-19
 -3.2023866793817006E-19
  7.1580312250074776E-19
 -1.2109473534943179E-18
  8.4166316928111524E-19
 -2.4917631434731195E-20
 -3.4954699406362132E-19
 -4.6082020885821733E-20
  6.9872409824713966E-19
 -1.0716245511645886E-18
  1.0338956214952966E-18
 -7.4076014898715706E-19
  1.1098680378179806E-19
  7.9678684949577480E-19
 -9.3594764338856612E-19
  3.4807462437576697E-20
  9.5927905229758120E-20
  1.2182895255260979E-19
 -2.3790611676825484E-19
 -1.7471344021124397E-19
  7.3220261810537197E-19
 -5.4610393759685957E-19
 -1.5870032759145937E-19
  4.5386983324905590E-19
 -3.7067454548401343E-19
  4.6078908863091217E-19
 -2.4173067613955823E-19
  1.3721417666841152E-19
