                      32
                  0.0050
      0.0000000000000000
  2.5000000031279966E-05
  2.4999375072826207E-07
 -6.2500002637283736E-10
  2.0833413857900172E-12
 -7.8275852235288753E-15
  2.5538523243544793E-17
 -3.1296622302377678E-18
 -5.1352557179109745E-18
 -1.2800512380692586E-18
 -2.0024801513431982E-18
  5.6390857632507712E-19
  5.2257620369997801E-18
 -6.7432991276255217E-19
  2.4292694698426843E-18
 -1.9108447676152085E-19
  1.9209083273936995E-18
  8.2403099175762602E-19
  2.9187096364320612E-19
  3.2496065222944371E-18
  6.8292520593884537E-19
 -2.2862505734172162E-19
  1.8786829514066429E-18
 -1.0288390960348301E-19
 -2.9701789390471423E-18
 -2.3419382269925675E-19
 -2.4157113417830346E-18
  1.1947257864981532E-18
  1.0563005228321384E-18
  2.8315304244038505E-20
  6.8555556827302861E-19
 -9.7114068721606328E-19
 -1.5923780701747559E-19
