                     128
                  0.0990
      0.0000000000000000
  9.8028693345984588E-03
  1.9224298487667292E-03
 -9.6067518116629922E-05
  6.3414733794782444E-06
 -4.7084966305535652E-07
  3.7291004665226868E-08
 -3.0764916804403434E-09
  2.6106129753097498E-10
 -2.2614370419671598E-11
  1.9900623415523346E-12
 -1.7731244388545196E-13
  1.5959865285909204E-14
 -1.4481363165064764E-15
  1.3169870482577606E-16
 -1.1436364774900673E-17
  7.4859972333754751E-19
 -8.1148109549493616E-19
  6.4762002131571277E-19
 -2.0249882950034207E-18
  5.8894577046606501E-19
 -1.2909390286082260E-18
  2.3238585972726031E-18
 -1.0750790483342137E-18
  1.2471005824788116E-18
 -5.1885915548503637E-19
 -5.1859745649743708E-19
  5.5583227392389581E-19
 -3.1611547770359218E-19
  4.8535997566899031E-20
 -6.5996660416269859E-19
  7.6369823269996827E-19
 -6.3350560665894263E-19
 -3.8884420153063215E-19
 -5.1093482259700047E-19
 -3.9808249586741858E-19
  3.5877217233451403E-19
 -5.6547155948758972E-19
  5.2653740809529043E-19
  1.5962623343947657E-19
 -6.2595042082222823E-19
  4.5597808424845349E-19
 -5.9729197784554593E-19
  8.1697261282103812E-20
  5.9127013160778863E-20
  4.1559628942054094E-19
 -7.4866975611470706E-19
  8.2410296116980971E-19
 -2.5705132987841430E-19
 -4.4808172063406424E-19
 -2.6745742920091008E-19
 -2.0037853558602083E-19
  1.0692332187459325E-19
 -8.7534955623736570E-20
 -9.2029812613344620E-20
  8.8574785430990015E-20
 -4.4204157840863227E-19
 -1.3457460408032126E-19
  1.6644677566836861E-19
 -4.6326067947778194E-20
  3.2786126704083961E-19
 -6.9907358519545858E-20
  1.8956449862356034E-19
 -5.2128212370264160E-20
 -2.7739062488560016E-19
  3.7243046271231992E-19
 -1.1161295092962081E-19
  1.0641053691276747E-19
  6.0437889596812590E-20
 -4.5007999074642525E-20
 -1.5110499820913025E-19
  1.0569437638375468E-19
 -2.3953627750853361E-19
  7.8754186380793212E-19
 -3.2237910381997958E-19
  4.7835549900335644E-20
  1.3543406140915335E-19
 -2.2719001951648110E-19
 -4.0421478337312614E-21
  2.5117997502780368E-19
 -1.6913038172886011E-20
  7.5104829734414063E-20
  1.7677738392551251E-20
  1.7690388549712890E-19
  1.1581463213168028E-19
 -2.9628801374989165E-19
  5.6868596471702438E-19
 -1.9480587628887347E-19
 -7.9380455215839956E-20
  5.1367671067525131E-21
 -4.5367737173236721E-20
 -2.3051599146745460E-20
  1.2548531312453933E-19
 -1.0327877413513767E-19
  2.0240980432080459E-19
 -6.9414450407843991E-20
 -2.9647250913665515E-20
  2.7326799487726155E-19
 -3.4523795914840564E-19
  2.6016920649760966E-19
 -4.3242713651508566E-20
  8.6567522457989640E-20
 -9.2352803047306727E-20
 -2.6127232789911197E-19
  1.0737395838516585E-19
 -1.9723854470221414E-19
  3.0740287487335681E-19
 -3.4593379081855855E-19
  7.3559718891073197E-20
  4.2421139110262930E-20
 -3.0753220944088455E-19
  1.9696002615487907E-20
  3.4532623294553178E-19
 -3.3028982607951889E-19
  9.9956096526729762E-20
 -6.2024739977670883E-20
 -7.2388724567371343E-20
  2.4665767256118374E-19
  1.0446612045415947E-22
 -1.1752729903068403E-19
  1.6220090093957008E-19
 -2.1116106967455316E-20
  2.0059936646451023E-19
 -2.9018735137380410E-19
  2.6282426280589725E-19
 -2.5319185138815532E-20
  1.2746927729772936E-19
  1.8048234675149413E-20
 -1.4839293572319481E-20
