                     128
                  0.4500
      0.0000000000000000
  2.1753530067183624E-01
  1.7019834456966401E-01
 -4.2871498938814902E-02
  1.3313635380089263E-02
 -4.5306003015434439E-03
  1.6318956058707268E-03
 -6.1122441790274664E-04
  2.3544130092360830E-04
 -9.2597917404894288E-05
  3.7003947562527335E-05
 -1.4974816575026830E-05
  6.1220176517032429E-06
 -2.5239103042184115E-06
  1.0478828230043017E-06
 -4.3767860402366759E-07
  1.8375569659162017E-07
 -7.7495861417878722E-08
  3.2811856854957917E-08
 -1.3941227100087220E-08
  5.9418872465462066E-09
 -2.5395792056109801E-09
  1.0881637598280652E-09
 -4.6732575140188251E-10
  2.0111737981019386E-10
 -8.6717500525806678E-11
  3.7456178975214745E-11
 -1.6204663950610678E-11
  7.0210743132063498E-12
 -3.0462611909158891E-12
  1.3233938916812054E-12
 -5.7561327483146122E-13
  2.5064545999427641E-13
 -1.0925678870328446E-13
  4.7673842439365904E-14
 -2.0821846132846715E-14
  9.1023890386755272E-15
 -3.9826549012567241E-15
  1.7445374329180200E-15
 -7.6247323399968242E-16
  3.2941771589226716E-16
 -1.3997926449529214E-16
  5.8434325453915365E-17
 -2.3895323269642037E-17
  9.1943458692497835E-18
 -2.5789444511205868E-18
 -4.3822821376626892E-19
  1.3219258324082643E-18
 -1.0226451485978680E-18
 -5.7557096934441364E-19
  7.6221029230628928E-19
 -9.7866069829840827E-19
  1.7363380378991475E-19
 -2.5039451711812114E-19
  1.1177178287212051E-18
 -1.2861224776350648E-18
  8.4699250303114738E-19
 -2.0685916104670724E-18
  2.1990438145223384E-18
 -2.0186780812179933E-19
 -9.3317196477672268E-19
  1.1597105616703506E-18
  1.4953749144084988E-19
 -1.2812733323399291E-18
  1.6216554494672856E-18
 -1.8420959886795583E-18
  8.8238207493864514E-19
  2.3716933316431949E-19
 -3.8630629934936132E-19
  8.7415545891514289E-19
 -1.7382156105134577E-18
  1.9832772999226487E-18
 -1.6121428474543725E-18
  1.1023662797320014E-18
 -1.4882763278274492E-18
  1.2145884169576052E-18
  2.8824813868452645E-19
 -8.2307635090916464E-19
  4.1084901368662560E-19
 -1.1309531601152364E-18
  1.8082342255757154E-18
 -1.4033955021069901E-18
  7.9161411560848124E-19
 -1.8680635421163718E-19
  5.0794374248435376E-19
 -8.2044396083646666E-19
  6.9133980526277912E-19
 -9.5473236716768704E-19
  1.2618251196880300E-18
 -1.3389550685282218E-18
  4.0383264258267789E-19
  5.6780771490043256E-19
 -5.8547581547685912E-19
  2.3059717075561505E-19
  1.2155723227057978E-19
 -3.4390330068586754E-19
  8.4115477937859186E-19
 -9.8056424391420864E-19
  9.1322941127422720E-19
 -1.6754638417018586E-18
  2.1138775637206412E-18
 -1.5584969373113183E-18
  6.7066972194992925E-19
 -4.6334427689245704E-19
  5.2924997279849441E-19
 -6.6974475199752976E-19
  5.9817646558788332E-19
  1.3843405056997487E-19
 -9.5657611676242581E-19
  1.2315647501783888E-18
 -1.3368572036916775E-18
  1.4717586506697479E-18
 -1.1899353392235900E-18
  7.4847826908118774E-19
 -1.2900465348443674E-18
  1.7418679964843191E-18
 -1.2758153028907880E-18
  8.6004466856615257E-19
 -4.6145639169612890E-19
 -1.6037180346656322E-19
 -3.9850987194933721E-20
  6.7868365461505769E-19
 -9.8805203984389532E-19
  6.5627921150391316E-19
 -4.5563517678734456E-20
  1.1032075933135633E-19
 -3.6784994703134647E-19
  1.5068954490754910E-19
  2.2596160488671567E-19
