                     128
                  0.7500
                  0.0000
  9.4389877226206220E-01
  1.1063823472463299E+00
 -4.7630642317697025E-01
  2.5788387306866045E-01
 -1.5277314509419965E-01
  9.4804504794184730E-02
 -6.0510193297510867E-02
  3.9373036796346322E-02
 -2.5994320798813239E-02
  1.7363950948811546E-02
 -1.1714086141418403E-02
  7.9703050839697812E-03
 -5.4637028622483187E-03
  3.7701637739277101E-03
 -2.6167628501260571E-03
  1.8256306412577814E-03
 -1.2795467322336065E-03
  9.0048527276884497E-04
 -6.3604117308022512E-04
  4.5073138631282928E-04
 -3.2035519568427828E-04
  2.2829861697699406E-04
 -1.6308894189342568E-04
  1.1676196431803096E-04
 -8.3762869664778331E-05
  6.0200848173429629E-05
 -4.3340183437023291E-05
  3.1250676222169230E-05
 -2.2566196385887641E-05
  1.6317089653639472E-05
 -1.1813326566141906E-05
  8.5626997392090251E-06
 -6.2133462746079810E-06
  4.5132267820671530E-06
 -3.2814714712866675E-06
  2.3880614046024262E-06
 -1.7393834645506000E-06
  1.2679369447581342E-06
 -9.2498266842165878E-07
  6.7528296172232465E-07
 -4.9333078833594130E-07
  3.6064179428291290E-07
 -2.6380653824500467E-07
  1.9308741029564279E-07
 -1.4140650521322026E-07
  1.0361455852802586E-07
 -7.5962246514675875E-08
  5.5717392470803221E-08
 -4.0887511691965926E-08
  3.0018501237123944E-08
 -2.2048435677330793E-08
  1.6201286937758166E-08
 -1.1909599000601233E-08
  8.7581826702000707E-09
 -6.4430842244627612E-09
  4.7416623689168789E-09
 -3.4907506919820328E-09
  2.5707100941499919E-09
 -1.8937750428066154E-09
  1.3955323225758065E-09
 -1.0286866048744122E-09
  7.5849656198829579E-10
 -5.5943209091748330E-10
  4.1272467921438155E-10
 -3.0457136298535209E-10
  2.2481728110863516E-10
 -1.6598884507401655E-10
  1.2258390304779038E-10
 -9.0550364119627523E-11
  6.6903092038092415E-11
 -4.9442288988886307E-11
  3.6546399453943189E-11
 -2.7019770464014969E-11
  1.9980540796817084E-11
 -1.4778111221257887E-11
  1.0932371889957857E-11
 -8.0889354432390658E-12
  5.9861511411670259E-12
 -4.4307911318346030E-12
  3.2801228865909277E-12
 -2.4286909894561262E-12
  1.7985642274008101E-12
 -1.3321402856703037E-12
  9.8683035807990562E-13
 -7.3114288380832857E-13
  5.4178556071149912E-13
 -4.0152739025788954E-13
  2.9762218107784803E-13
 -2.2063596944185737E-13
  1.6358679523780616E-13
 -1.2130496378413036E-13
  8.9963151617462809E-14
 -6.6727589445377925E-14
  4.9499291096156956E-14
 -3.6724370201493139E-14
  2.7249612562068060E-14
 -2.0221302613198214E-14
  1.5006508906429344E-14
 -1.1137471438377751E-14
  8.2669272294286455E-15
 -6.1364740433779870E-15
  4.5552780251155497E-15
 -3.3815730139651309E-15
  2.5103013375352451E-15
 -1.8626634027912545E-15
  1.3809643962277065E-15
 -1.0228196325831795E-15
  7.5689594759278846E-16
 -5.6005437231276840E-16
  4.1391888480284505E-16
 -3.0575111037869784E-16
  2.2643705509016047E-16
 -1.6790820649609263E-16
  1.2460064111407086E-16
 -9.2449044383773603E-17
  6.8407865404258095E-17
 -5.1346883559481265E-17
  3.9021101184138677E-17
 -2.8999662008860922E-17
  2.0993168155662394E-17
 -1.4380169439433819E-17
  9.4734404045260246E-18
 -5.6688497086805368E-18
  3.2192948846473616E-18
 -2.1141908919845315E-18
  1.3675444009431360E-18
 -9.5279340523892649E-19
  3.3575486345250284E-19
