                     128
                  0.7000
      0.4083673673510214
  7.2318802644914448E-01
  9.8465056431042552E-01
 -6.0623383512684266E-02
  5.5659957740772162E-02
 -4.8342012560342882E-03
  5.3635112073927016E-03
 -5.5469529709741927E-04
  6.2701173524829499E-04
 -7.0016333975517680E-05
  8.0384198670526517E-05
 -9.4074366252431358E-06
  1.0864612903011834E-05
 -1.3169840419990629E-06
  1.5208160651969236E-06
 -1.8950533122480089E-07
  2.1831402318106585E-07
 -2.7806468351158887E-08
  3.1939288249366498E-08
 -4.1409559430239621E-09
  4.7421179444493881E-09
 -6.2397578736854048E-10
  7.1240539986637353E-10
 -9.4934644882030630E-11
  1.0805597005456621E-10
 -1.4560630456011622E-11
  1.6520987431479618E-11
 -2.2485017040400528E-12
  2.5430461784108231E-12
 -3.4925337021192978E-13
  3.9372646243985064E-13
 -5.4528393610735937E-14
  6.1276019888473927E-14
 -8.5640746012689020E-15
  9.5863417704395856E-15
 -1.3495177401456668E-15
  1.4977831725999267E-15
 -2.0291083384456850E-16
  2.2470719857952382E-16
 -2.7072676259572307E-17
  3.6815006477134273E-17
 -3.7574262622263638E-18
  1.7909957008705826E-18
  8.8755743435738161E-19
  3.2989083346555716E-18
 -3.8916083668328473E-18
  7.2185458601354534E-19
 -1.7075273304621543E-18
  2.0517634057152096E-18
 -1.2365726882715027E-18
 -3.9230880055290830E-19
  5.4182054265855171E-18
 -1.0718887865040541E-17
  8.4561823169621647E-18
 -1.1655360946135846E-17
  1.2765094321991419E-17
 -9.1798434917290898E-18
  7.0133141590258555E-18
 -5.7944556618231132E-18
  7.8181383944415921E-20
  2.5003455935241155E-18
 -5.3134411444565439E-18
  2.8398728900970014E-18
 -1.7042814074931750E-18
  2.0191569608668683E-18
 -1.5003330430907536E-18
  1.5235561177430884E-18
  8.6132514067698313E-19
 -1.4001146032236349E-18
  4.6986124191409898E-18
 -4.6366476555136911E-18
  3.4448705837005181E-18
 -2.6557711984763322E-18
  3.1663861656813208E-18
  1.8589625193364303E-18
 -3.1512814711912359E-18
  1.7663502727775710E-18
 -2.3854772849999095E-18
  1.2748239417391543E-18
  2.2213860438830401E-18
 -4.5034385665087804E-18
  3.2558540633543032E-18
  3.5656737928022564E-19
  2.9214469224113003E-19
 -5.3491775224065515E-19
 -2.6465111540400413E-19
  1.5723927022348569E-18
 -1.8857438078071861E-18
  3.5896720014433228E-18
 -5.8425855447639215E-18
  3.7877235621339069E-18
 -1.8722658914564365E-18
  2.2215542175747062E-18
 -3.0815605673146888E-18
  1.5213595931845174E-18
  1.0598521841241539E-19
 -1.1574673504020681E-18
  2.8054952845211593E-18
 -4.5051441375720880E-18
  2.8161004931011496E-18
 -5.2176116366413419E-19
  1.9255589706377489E-19
  7.8971834958532985E-19
 -2.0469603754688059E-18
  3.3265455691241288E-18
 -2.2508817764394399E-18
 -1.0976758714436446E-19
 -1.3314957929765674E-19
  1.2748452963409038E-18
 -2.4588423318939815E-18
  2.5574153037212233E-20
  1.3489873611163505E-18
  3.2657035513088323E-19
 -3.4946629465380613E-19
  4.6461536662937635E-19
 -1.7386566760309937E-18
  1.7048818010562543E-18
 -1.7812704560079225E-18
  1.0929655088557735E-18
 -7.8254140596884671E-19
  2.2174321769992366E-18
 -1.3840617784815772E-19
 -1.3208062140724272E-18
  8.8518351549121951E-19
 -9.5373077916708368E-19
  2.1656928806029271E-18
 -3.4065503653822469E-18
  1.5389590747134445E-18
 -3.5523464114772494E-19
