                      32
                  0.0230
      0.0000000000000000
  5.2900029595441631E-04
  2.4321159055492237E-05
 -2.7984106534689403E-07
  4.2908984157031174E-09
 -7.4018006250797794E-11
  1.3619339409522812E-12
 -2.6098228418860964E-14
  5.1643501808535538E-16
 -1.2418392506718808E-17
  4.7064726245226490E-18
 -3.1878000210473945E-18
  3.7661752682035010E-18
  3.8964260794203850E-19
  5.4843165680336484E-18
 -4.7221742262093021E-19
  1.4356701558716780E-19
  1.9385988427248413E-18
 -1.2906541715507002E-18
 -1.8781411226475107E-18
 -1.3359938525316338E-18
  2.3256488676370959E-18
 -2.4997525153792170E-18
 -5.0595511417429838E-19
  8.8396674515897029E-19
 -9.7744172369451091E-19
  8.3634295599934007E-19
 -1.6524583919588406E-18
  8.1593437344261081E-19
  5.8656042770851417E-19
 -9.1921564441194804E-20
 -2.0787369968319431E-19
 -2.6838249816959678E-19
