                     256
                  0.9400
      0.7008782529950643
  5.0244524901214103E+00
  1.2286191152020454E+01
 -1.0608211617101895E+00
  2.1541871250089750E+00
 -3.5408756486753079E-01
  6.3642676234672702E-01
 -1.1932379499797416E-01
  2.1595882155298710E-01
 -4.1562169013355826E-02
  7.9338191313070405E-02
 -1.5344601004800125E-02
  3.0893153795512971E-02
 -6.0184579246151202E-03
  1.2560060464848968E-02
 -2.4806447355190304E-03
  5.2702718644075950E-03
 -1.0600959462850293E-03
  2.2630050762187785E-03
 -4.6438718530576560E-04
  9.8836535979146024E-04
 -2.0680580610952010E-04
  4.3720204665507225E-04
 -9.3104729078276519E-05
  1.9529632519942774E-04
 -4.2227085665658528E-05
  8.7915770949488888E-05
 -1.9255170863000487E-05
  3.9828555499849582E-05
 -8.8185329078080724E-06
  1.8141085727040766E-05
 -4.0546812217297535E-06
  8.3020098094948720E-06
 -1.8714790291961449E-06
  3.8153945772115271E-06
 -8.6713433534054468E-07
  1.7601805233740577E-06
 -4.0332796020541138E-07
  8.1485587295023008E-07
 -1.8830459586900885E-07
  3.7841031269407683E-07
 -8.8228557318914810E-08
  1.7622283535313215E-07
 -4.1474351595403289E-08
  8.2270647041796377E-08
 -1.9553478013366253E-08
  3.8493729599294389E-08
 -9.2423982162497684E-09
  1.8046505064818909E-08
 -4.3783120301899572E-09
  8.4755875225725117E-09
 -2.0780023302938690E-09
  3.9870931484142281E-09
 -9.8780874820001253E-10
  1.8784879724955796E-09
 -4.7018855778724658E-10
  8.8633425996052677E-10
 -2.2404827294698061E-10
  4.1880011713959482E-10
 -1.0685413146434211E-10
  1.9816445544562981E-10
 -5.0996690469314731E-11
  9.3895665798892294E-11
 -2.4351447542671583E-11
  4.4550726418362327E-11
 -1.1632758877552376E-11
  2.1165933041963830E-11
 -5.5587174200681142E-12
  1.0068687141008977E-11
 -2.6568856095027182E-12
  4.7955091116704024E-12
 -1.2702142918702809E-12
  2.2866631441425455E-12
 -6.0747523204078449E-13
  1.0915664384296683E-12
 -2.9062942209413719E-13
  5.2160346643197982E-13
 -1.3910325637346198E-13
  2.4946603148283370E-13
 -6.6578806579513004E-14
  1.1938177122611895E-13
 -3.1833898153627670E-14
  5.7138961050831471E-14
 -1.5188032226888709E-14
  2.7342377381718349E-14
 -7.2460430628152694E-15
  1.3093327763145777E-14
 -3.4518990405806566E-15
  6.2485032603043866E-15
 -1.6192001957394066E-15
  2.9823337984773570E-15
 -7.7639491338272419E-16
  1.4496159196065689E-15
 -4.0018610070908933E-16
  7.2168578267944413E-16
 -2.2607319818149024E-16
  3.8619911747059674E-16
 -1.2962068696404551E-16
  1.8974190565028102E-16
 -4.9221152171921258E-17
  7.1590239292676364E-17
 -2.4047824499721714E-17
  5.3256221797052140E-17
 -4.0410832683367424E-17
  5.5068644490120387E-17
 -3.0999930735882756E-17
  2.2797771397239747E-17
 -1.2702280772985678E-17
  2.6251405662642591E-17
 -3.6625311415228922E-17
  6.0964179820631108E-17
 -7.0693429274774773E-17
  7.9606782691557936E-17
 -8.0666703158260436E-17
  7.9508969783790196E-17
 -8.1344808838152831E-17
  7.9587534928925533E-17
 -7.7642673323829115E-17
  6.1457809570696501E-17
 -4.0647464425539365E-17
  2.4687183999337040E-17
 -1.9424523945989443E-18
 -7.6809468806772175E-18
  1.3746033781178653E-17
 -1.4442482355566859E-17
  2.6245316445181124E-17
 -2.9588784238808595E-17
  3.7735740989543466E-17
 -4.1108085695726505E-17
  3.4858631440648613E-17
 -3.3818150423602579E-17
  3.7360118863892269E-17
 -4.0179206675327227E-17
  4.5033068411089656E-17
 -4.9557558772871210E-17
  4.8562110781050908E-17
 -5.8852222940514158E-17
  7.3153968377582825E-17
 -9.5123833092817081E-17
  1.0720303642163896E-16
 -1.1695367339663596E-16
  1.1914149445725783E-16
 -1.0973130556306142E-16
  9.9485743784539787E-17
 -9.3249585974000532E-17
  8.0306260304799214E-17
 -6.6358209224507363E-17
  4.4219878883142308E-17
 -2.2337862597512766E-17
  9.5840096359786536E-19
  2.0670528829339564E-17
 -4.4229891206368881E-17
  7.0052333415206641E-17
 -1.0461783482324958E-16
  1.2863055594661685E-16
 -1.5153886529389043E-16
  1.6045928838691573E-16
 -1.6362553016627854E-16
  1.5529847670271288E-16
 -1.4908313565582018E-16
  1.4031536573314558E-16
 -1.2478885889771160E-16
  1.1335770555229444E-16
 -1.0463212125748883E-16
  1.0030131854849136E-16
 -1.0407135508483950E-16
  9.6598000679087752E-17
 -9.7472228912966623E-17
  7.8093487209261718E-17
 -7.0268846356533463E-17
  4.3294371319101194E-17
 -3.0827330538251191E-17
  9.9527662519250161E-18
 -7.4857765341130732E-18
  8.9844587853030770E-20
 -5.9121727984084763E-18
  1.0174235262333532E-17
 -2.0543101743748838E-17
  3.8980730309308175E-17
 -5.1854691765238319E-17
  6.2566300590179334E-17
 -6.4929824472244113E-17
  5.9927678218576523E-17
 -4.4922169400028217E-17
  2.6612920886529053E-17
 -1.3774620169989842E-17
 -6.1926230036689829E-18
  1.3367505296346276E-17
 -3.1641248349837645E-17
  3.8719569660395098E-17
 -5.4334966430592688E-17
  6.6955530351636978E-17
 -8.5446373805554913E-17
  9.5317729937933438E-17
 -1.0388467106222348E-16
  9.4046063564092936E-17
 -8.2339084154802953E-17
  6.3165086827443516E-17
 -4.6970408257943421E-17
  2.9928858356858937E-17
 -2.2149719654606492E-17
  1.6614305536580410E-17
 -1.7188583912423223E-17
  1.3838199246147969E-17
 -5.3082623786083046E-18
 -1.3957620263885306E-17
  3.1014166516503017E-17
 -4.8945997176269399E-17
  6.5261834565711465E-17
 -6.5951044438609332E-17
  7.1712680618358342E-17
 -6.0340928374583810E-17
  5.4268852031292909E-17
 -3.8656585304747926E-17
  1.9969946676930306E-17
 -3.1394048186475088E-18
 -1.0887895119751153E-17
  1.7847896208694361E-17
 -1.4089674591525245E-17
  9.4671489691272831E-18
 -1.3896754948595786E-18
 -7.7626392406894941E-19
  7.5692731926922903E-18
 -2.3121527978922213E-17
  3.0298116433852040E-17
 -4.2453109201526768E-17
  4.2278108646653886E-17
 -3.9144825932709999E-17
  2.8945678963611481E-17
 -1.2591545393914985E-17
  1.3422372430920953E-18
  4.7890744100415513E-18
 -6.0246548999880569E-18
  2.5469317324356185E-18
  5.2399460321197475E-18
 -1.3245483181078257E-17
  1.6587077598672920E-17
 -1.9687092440385263E-17
  2.0798068704517519E-17
 -2.4825998026888304E-17
  2.9978473560362349E-17
 -3.4496481693490586E-17
  4.0166469850781649E-17
 -4.5621451423080058E-17
  4.7694581705773995E-17
 -4.8107711599107004E-17
  4.1672364494933994E-17
 -3.6438805420638482E-17
  2.4965781029867899E-17
 -1.2805398373312762E-17
 -1.8361431554946402E-18
  1.7336536080718218E-17
 -2.4565173185207323E-17
  2.7689774565333343E-17
 -2.2878609893392205E-17
  1.5427160401327089E-17
 -4.4277072804760355E-18
