                     128
                  0.3500
      0.1807151435435436
  1.2591344466776550E-01
  8.3107001601631064E-02
 -1.2659360572476973E-03
  8.1118508446580313E-04
 -2.6870547640761327E-05
  1.5520004108138390E-05
 -5.8903885552294016E-07
  3.6516333740858726E-07
 -1.3603414890642997E-08
  9.4127497932592846E-09
 -3.3410964362585512E-10
  2.5433184840848135E-10
 -8.7293065000715500E-12
  7.0667846348011732E-12
 -2.4076250573682683E-13
  2.0010515477178144E-13
 -6.9261739361555491E-15
  5.7502678487831835E-15
 -2.0634476647093615E-16
  1.6962358948765385E-16
 -9.7996514306967392E-18
  9.6072593947696456E-18
 -2.0347033707292905E-18
  7.9560266931054517E-19
 -3.0606070531803986E-19
 -1.6276564395036699E-18
  8.8291338723031185E-19
 -8.8377964673487284E-19
 -4.1218596401077225E-19
 -8.3482762586315873E-19
  1.7182287228111041E-18
  4.9601957786623590E-19
 -1.1061805619669137E-18
  8.8274527246029284E-19
  1.5524532210947056E-18
  4.9564975185945422E-19
  3.4620812056727831E-19
 -1.0740261453842280E-18
  1.3607421163788836E-18
 -5.4961564929792943E-19
 -1.1416536518054230E-18
 -1.1831362539184812E-18
  6.1764293748140247E-19
 -7.4792675468384778E-19
 -5.8273568080247510E-19
  5.8585368077863572E-19
 -1.0839636326348867E-18
  7.1882300223699837E-19
 -1.1842672149161750E-18
 -2.8276529518607703E-19
  2.3252760357769548E-18
 -1.3130519159013137E-18
  3.9659292021104259E-19
 -8.4662597811948891E-19
  9.4292664410637994E-19
  2.5943435040406531E-19
 -6.8026102460843854E-19
  2.2132103386843900E-19
  1.0709325796296206E-18
 -1.0178072743317375E-18
 -4.2505804380842779E-19
 -1.3232082155959483E-19
  3.3823474354450700E-19
 -5.3299800186147763E-19
  1.0930340612457203E-18
  7.0284686804784594E-19
  2.0486756801871037E-20
 -4.5543543883032247E-19
 -1.3133114218255390E-18
  1.3587070924437183E-18
 -6.0313748218108207E-19
 -1.0542376466669191E-19
  1.2530387617820665E-18
 -1.0174846549963521E-18
  6.6987306363631383E-19
 -2.8468937460131450E-19
 -4.0933932257640368E-19
  7.0979632662521668E-19
 -9.4131130733288492E-19
  2.0697946066934734E-19
  6.0752335469312870E-19
 -1.2046399362586753E-18
  8.6562784054064553E-19
 -5.3056395380489746E-19
  1.3325345040724225E-18
 -1.1907379220740686E-18
  7.6380485551554737E-19
 -4.9198789732732136E-19
  4.3444539929517395E-19
 -2.6581397735584499E-19
  1.4081320354940542E-19
  3.4270117887651926E-19
 -7.8221758484358175E-19
  8.6152368867813130E-19
  4.0798934824769721E-20
 -2.4087059848092766E-19
 -4.1405510511350146E-19
 -2.9583161734701535E-20
  3.7857691824015036E-19
 -1.3829834651380423E-19
  4.1333831172371843E-19
 -5.1759305647583573E-19
  8.4061082033233107E-19
 -7.1498878435473898E-19
  4.4978701306218121E-19
 -7.4274958886832824E-19
  8.4561983818507660E-20
  6.5864873911082511E-19
 -2.0853749462935433E-19
 -1.0200152693657146E-18
  4.2546527535176156E-19
 -1.7203120061663548E-19
  6.1429599086485504E-19
 -4.1515726099145508E-19
 -6.3107654802302895E-19
  5.3531232924296972E-19
  3.6624570990294955E-19
  6.5759213953502715E-20
  1.9686069731437517E-19
 -6.4104950680266585E-20
  6.0964613072786379E-21
  1.0874271356948884E-19
 -1.5737422348706914E-19
  2.5057789224856999E-19
  2.5189168647141090E-20
 -1.9614443804325157E-19
 -2.6793789883730101E-19
  3.3191748755460184E-20
