                     128
                  0.1600
      0.0000000000000000
  2.5632937155646875E-02
  8.0060154126015051E-03
 -6.5574360886570414E-04
  7.0018178258515512E-05
 -8.4018412298667495E-06
  1.0753804036851081E-06
 -1.4337890522385826E-07
  1.9662878441400009E-08
 -2.7527480531946086E-09
  3.9149577571125041E-10
 -5.6374668414281701E-11
  8.1998644113844051E-12
 -1.2026325499156499E-12
  1.7761860484056030E-13
 -2.6390136497753907E-14
  3.9432704878724522E-15
 -5.9214371110671438E-16
  8.9427785188459053E-17
 -1.5144741446836137E-17
  2.5812823472224197E-18
 -1.9580988853258256E-18
  1.6324994629196088E-18
 -8.8050429303556703E-19
  6.8524840624967551E-19
 -1.1716278058845100E-18
  7.2550433508338791E-19
 -9.1429167707167612E-19
  3.8276287768929290E-19
  4.0884230303524387E-19
 -4.1601408365626746E-19
 -3.7878571944190771E-19
 -3.0082095114480623E-20
 -2.6396182562548833E-19
 -3.5046153141907733E-20
  1.1581248262642497E-18
 -1.2243005957868357E-18
  3.5429477242124123E-19
  6.3194510533813123E-19
 -1.2827582308024287E-18
 -1.4687426482984307E-19
 -3.2319251564199957E-20
  1.0521360967517812E-20
  9.1162970738928334E-19
 -1.4320671866672371E-18
  1.2308598830257833E-18
 -7.9341020203426999E-19
  2.3839377778878324E-19
  3.6103303839201754E-19
 -8.0766909924655751E-19
 -8.6750707723010610E-20
  1.6690532675109498E-19
 -7.2705173722089363E-19
  2.8067468913140182E-19
 -1.2689295142246625E-19
 -8.5720799381873015E-19
  9.4900794355252932E-20
 -3.8406744724643152E-19
  4.9312754537765871E-19
  2.9365928556037144E-19
  5.1417092859616255E-20
  3.3967644557001868E-20
 -5.8927744244379342E-20
  2.8223137766244005E-19
  3.0926948101892451E-19
 -1.1351654870154628E-19
  3.6573282383561687E-19
 -3.9495485287863105E-19
  4.5887220097393829E-20
 -5.1732173068128716E-19
  1.4253067438364746E-19
  2.7955180983110312E-19
 -1.3035998592189168E-20
  2.3484421654910848E-19
  7.2190336870670331E-21
 -1.7803345377703646E-19
 -4.3867010724495028E-20
 -8.3870022866797993E-20
  2.4445254409293205E-19
 -5.1452566850351557E-19
  7.0873129932886166E-19
  4.8541262595388133E-20
 -1.1547442045968659E-19
 -4.4246428432850495E-19
  1.3118760467240917E-19
  2.8568595832782107E-19
 -3.8544910218611217E-20
  4.4239992194640421E-19
 -2.0267082398164845E-19
 -3.9037956226760884E-19
  3.1740420031139723E-19
 -3.2092526786107629E-19
 -4.0537278303491114E-20
  9.6982990462534831E-20
 -4.5524545155154237E-20
 -4.2761862984070310E-21
  5.2780215084889515E-19
 -2.7901242113863773E-19
  8.1408823842067643E-20
 -3.0315928576683732E-19
  2.4406321572461762E-19
  1.4731214102671995E-19
 -1.2277989132668453E-19
 -2.3412541395394621E-19
 -1.3874504227282334E-19
 -5.4646483240865997E-20
  2.8097155416662266E-19
  5.1374172569677120E-21
  2.2498510864981841E-19
 -2.5366265404591746E-19
 -4.3793790195123881E-20
  8.9834052251019816E-20
 -2.0852763133169435E-19
  3.3409887531924055E-19
 -6.2503840433351643E-20
  3.9865353240311575E-20
  1.0755201065746973E-20
 -1.9084039774448496E-19
 -2.7171680951146657E-20
 -3.7387368101039164E-20
  2.0956419544591407E-19
  1.0556736324751678E-19
  4.0892192635410726E-20
  1.3880285234077544E-19
 -1.8232050125478772E-19
  1.1663506211984227E-19
  1.1217720363041669E-19
  1.6205940405256903E-19
 -3.0985841760653981E-20
