                     128
                  0.4513
      0.0000000000000000
  2.1901726723748269E-01
  1.7177139346263903E-01
 -4.3411360665202271E-02
  1.3525277800594242E-02
 -4.6169895407857740E-03
  1.6680504490371843E-03
 -6.2663520316305057E-04
  2.4209698530132712E-04
 -9.5499280722760049E-05
  3.8277157703442542E-05
 -1.5536264132002394E-05
  6.3705031197439899E-06
 -2.6341932145575356E-06
  1.0969361963923698E-06
 -4.5953564349442840E-07
  1.9350856140437158E-07
 -8.1852806128670627E-08
  3.4760157102138206E-08
 -1.4813167294435578E-08
  6.3323871380538065E-09
 -2.7145700051153317E-09
  1.1666212037847405E-09
 -5.0251811698819397E-10
  2.1690925932169920E-10
 -9.3806253283859886E-11
  4.0639196216634611E-11
 -1.7634301335064037E-11
  7.6633434753746671E-12
 -3.3348637207137338E-12
  1.4530994291744292E-12
 -6.3391535647468721E-13
  2.7685505560561658E-13
 -1.2104028742445393E-13
  5.2971281118729312E-14
 -2.3203634411587376E-14
  1.0171740582574282E-14
 -4.4633526337910570E-15
  1.9606509721580282E-15
 -8.6045260273052491E-16
  3.7747410510853385E-16
 -1.6677450188193845E-16
  7.5275199697877035E-17
 -3.3456279095672640E-17
  1.4244909254026013E-17
 -6.2067456872543933E-18
  2.6953777018179155E-18
 -1.5357626372482682E-18
  3.9926113934421507E-19
  2.2553097487229086E-19
 -3.2771660993794494E-19
  7.1203621685417247E-19
 -8.5323081169561638E-20
 -3.7127744380651311E-19
 -8.1514142672307313E-19
  1.4280079962012206E-18
 -1.3569419468824613E-18
  9.4717817805562552E-19
 -7.8319190790494597E-19
  4.6264762189456026E-19
 -8.0293670951133940E-19
  2.2979679205200363E-19
  4.0307533028989772E-19
 -5.8281644625063994E-19
  9.3182267289220225E-19
  3.5035663953333244E-19
 -1.6945310397875221E-18
  4.0841214100931528E-19
  6.7043510658997404E-19
 -5.1747969170119694E-19
  8.4815240431378272E-19
 -2.3544090849006224E-19
  3.7998935173357324E-19
 -1.1158511218714369E-18
  1.0932807973907329E-18
 -1.3211477660126985E-19
  5.4575708460576081E-19
 -9.5120619189338050E-19
  8.0244801417750962E-19
 -5.3966742872460451E-19
  3.7685019658921423E-19
  7.3157934259624840E-21
 -1.8864454216980272E-19
  5.6744685042630680E-19
 -1.0804090937550378E-18
  1.1200318486908025E-18
 -2.0055367463377094E-18
  2.1365886069154287E-18
 -1.0936468367980973E-18
  1.1586822749153341E-18
 -8.9172433668339927E-19
  1.9771436000323961E-19
  3.8978049127445775E-19
 -7.0301317882680190E-19
  3.3588991500662014E-19
  4.6725004719124685E-19
 -4.7571392723439611E-19
  8.8234274004637481E-19
 -1.2256832357094275E-18
  7.4480382143262577E-19
  4.2445073052273604E-20
 -9.3185146082935802E-21
 -1.0074999994442899E-18
  1.2118755038854919E-18
 -1.1019548411288015E-18
  1.6135759711345524E-18
 -1.3040853137238936E-18
  7.6105473495253570E-19
 -4.8941066666359192E-19
  3.8567175861512069E-19
 -8.8362886270251791E-20
  7.6794638727419096E-20
 -4.1787396351876203E-19
  5.2043868200749184E-19
 -6.9201837356710932E-19
  7.2570914479386450E-19
 -1.3778720103993276E-18
  2.0345281927775167E-18
 -1.6724217738698096E-18
  8.8143185107941182E-19
 -2.8179716611864247E-19
  2.1250375007777767E-19
 -1.4674256397494863E-19
 -7.6269851599714645E-19
  1.5969662284479653E-18
 -1.1872504048560778E-18
  6.1266481322822970E-19
 -1.1127878704736825E-19
 -1.4609790967416063E-19
