                     128
                  0.8000
      0.5000000000000001
  1.2728473797578921E+00
  2.1215516407028234E+00
 -1.5981261689728418E-01
  1.8689920195305831E-01
 -2.1620921472783189E-02
  2.6813177921644438E-02
 -3.5022769644866454E-03
  4.6636238087911378E-03
 -6.5097524127218618E-04
  8.9003074243508887E-04
 -1.2965875957496876E-04
  1.7949280820164727E-04
 -2.6951730807549591E-05
  3.7546908603577131E-05
 -5.7710989840062479E-06
  8.0616440419657777E-06
 -1.2631066869080457E-06
  1.7650911308147831E-06
 -2.8113594155544972E-07
  3.9239177863015548E-07
 -6.3408729072566496E-08
  8.8298918157645652E-08
 -1.4455050126301212E-08
  2.0067880270392673E-08
 -3.3241814082441047E-09
  4.5985811758882344E-09
 -7.7000126346696857E-10
  1.0610952021273612E-09
 -1.7944250988244558E-10
  2.4628914602208060E-10
 -4.2031684316548506E-11
  5.7456415709733263E-11
 -9.8882029682144968E-12
  1.3463061166647823E-11
 -2.3349640218285478E-12
  3.1668131159913178E-12
 -5.5315730356654400E-13
  7.4743941607170283E-13
 -1.3140929060012494E-13
  1.7693346238206203E-13
 -3.1291915246581960E-14
  4.2008829799908459E-14
 -7.4888923954611157E-15
  1.0010575280409134E-14
 -1.7994491937221891E-15
  2.3923090638939332E-15
 -4.3284937040179707E-16
  5.6732098031594120E-16
 -9.0226606663127155E-17
  1.1925729121059540E-16
 -2.9396694056676325E-18
  7.4236914175143067E-18
  1.9074501590290236E-17
 -1.8527536985839788E-17
  1.7463485382667485E-17
 -1.4754051537083447E-17
  1.2076416281527117E-17
 -1.2035180917647117E-17
  1.2387327624271528E-17
 -1.2617904763065831E-17
  1.6680327189135774E-17
 -1.3141970546154267E-17
  7.7747326922365120E-18
 -5.0307727976440502E-18
  9.6367627012343725E-18
 -1.3002543005317929E-17
  1.5645572056340961E-17
 -1.4260492725642023E-17
  1.3794264023213827E-17
 -1.5635720740023140E-17
  1.2251444711905240E-17
 -1.1286599087306321E-17
  4.9470324626198155E-18
  1.9944699743387512E-18
 -4.6244281766071196E-18
  7.4183970127981162E-18
 -1.0097102521747496E-17
  8.3967032832917927E-18
 -9.0805897755674508E-19
 -8.3230533604674714E-18
  1.0790009628755159E-17
 -9.8716671107074687E-18
  8.1895235963843253E-18
 -4.3884108075218986E-18
  1.6446864786191058E-18
  2.7900035629599495E-18
 -5.1945290263944455E-18
  8.5376028436767300E-18
 -1.1932401563837610E-17
  1.4107606005582698E-17
 -1.5548007852969316E-17
  1.6701242782899850E-17
 -1.7505977800472503E-17
  1.5338349761708439E-17
 -1.3960362533874173E-17
  1.2304728413108421E-17
 -1.1730242929998730E-17
  1.1216218486120166E-17
 -9.3842533790836922E-18
  7.5807756120943283E-18
 -5.8325887209656383E-18
  5.6986087390872216E-18
 -4.1492091363437141E-18
  2.2478177696439284E-18
 -7.7811293999065186E-19
 -6.2324599160449617E-19
  2.0924148230021298E-18
 -3.7600082587661824E-18
  2.6451147801593696E-18
 -1.2928308294754264E-18
 -1.9209370132198219E-18
  1.3508363647743708E-18
  4.5366155688636616E-19
 -4.0134939978197087E-19
  7.2110298532947520E-20
  1.7305588141906335E-18
 -3.7167025071466992E-18
  5.6071128114204177E-18
 -6.7469482666298002E-18
  6.9057008852057758E-18
 -5.7803965220374132E-18
  4.8502947310688676E-18
 -4.1816182704588488E-18
  3.7899908251148148E-18
 -8.7659731524430118E-19
 -1.1368170365002842E-18
  4.7490549232054702E-19
  4.9703722506745083E-19
