                     128
                  0.4900
      0.0000000000000000
  2.6504118008212979E-01
  2.2201153758234718E-01
 -6.1441424036527872E-02
  2.0947085488025957E-02
 -7.7958768752779874E-03
  3.0622360143569157E-03
 -1.2491140512736879E-03
  5.2377291573548965E-04
 -2.2422385580618388E-04
  9.7534788915441660E-05
 -4.2965986635877422E-05
  1.9121821509103072E-05
 -8.5821498698746707E-06
  3.8791378310512662E-06
 -1.7639585014134138E-06
  8.0629268112094989E-07
 -3.7021678402285223E-07
  1.7066316175100106E-07
 -7.8948917541135579E-08
  3.6636155606943488E-08
 -1.7048693675917271E-08
  7.9537244846924747E-09
 -3.7191666293470168E-09
  1.7427197422339270E-09
 -8.1816111133840974E-10
  3.8477916114050176E-10
 -1.8125323393157002E-10
  8.5508321305719522E-11
 -4.0395417923514372E-11
  1.9107973902007919E-11
 -9.0493609074952013E-12
  4.2904980579606978E-12
 -2.0363526923370867E-12
  9.6744350433738654E-13
 -4.6004303720491620E-13
  2.1895170422451535E-13
 -1.0429471202852777E-13
  4.9717925192455640E-14
 -2.3716279851121370E-14
  1.1319081981881847E-14
 -5.4059313285744728E-15
  2.5848431147110878E-15
 -1.2381646816215893E-15
  5.9439541732237317E-16
 -2.8489614951436797E-16
  1.3629606479090996E-16
 -6.4413893773591388E-17
  3.0635937142538732E-17
 -1.3920216069346851E-17
  5.6236379970693222E-18
 -1.9417650194372520E-18
 -3.0993719696937742E-19
  1.5597963200863146E-18
 -2.0433997763965027E-18
  2.0394089399430917E-18
 -1.7338742992411531E-18
  8.7564538002607663E-19
 -4.0866696467006521E-19
  6.4132440792005174E-19
 -2.1284237523886451E-18
  2.8132151268386263E-18
 -1.9735205597831068E-18
  5.8571203801325895E-19
  4.2251955888276628E-19
 -4.0354559747283534E-19
  1.1488734691663519E-18
 -1.4117252690046483E-18
 -5.9824472151119392E-20
  2.8393139634219411E-19
  2.0929603891064450E-19
 -1.2121034393500969E-18
  9.8040832087508652E-19
  2.3178317794976909E-20
 -1.9428795134691819E-19
  9.4301368370942924E-20
  2.9995761318335083E-19
 -8.8658532680565924E-19
  7.9761002098192353E-19
  1.4433781148809715E-19
 -6.2945198233675639E-19
  7.4924427021893236E-19
 -7.3505303514542809E-19
  2.6713739040421840E-20
  1.2662789428115556E-18
 -2.3417304959702448E-18
  2.5037493128064870E-18
 -1.9643722848087095E-18
  1.3273434547850677E-18
 -1.2731119641833315E-18
  1.4668278740133831E-18
 -1.1359935552994126E-18
  1.1946862426922316E-18
 -1.6067378604573229E-18
  1.7977721350496247E-18
 -1.9069574303232060E-18
  1.1512009683519455E-18
 -8.9481238121412580E-19
  9.7838751378032579E-19
 -9.3469936025089399E-19
  1.4685011499677793E-18
 -1.2198480408946155E-18
  4.0515825816885914E-19
  4.8201464088083294E-19
 -1.2674450321843727E-18
  7.0162456337231803E-19
 -1.0504220942035353E-19
  1.3330752394132146E-19
 -7.0600908447949873E-19
  1.3947837327922585E-18
 -9.8522871206786815E-19
  2.4349892016751530E-19
  3.2355773618910174E-19
 -6.1588884427173533E-19
  3.0396631610157312E-19
 -1.7447484279435657E-19
  1.4586286549032772E-19
 -4.9228468553756129E-19
  6.5736449133042391E-19
 -2.8543018695190416E-19
 -8.5410751633952989E-21
 -2.0820883336301487E-19
  6.8026742950005579E-19
 -5.1076365191074366E-19
 -6.5117935016748108E-21
  4.5287904603577893E-19
 -8.7907524177350229E-20
 -2.6358291826328361E-19
  4.0652827486069725E-20
