                      32
                  0.0490
      0.0000000000000000
  2.4010276329121628E-03
  2.3473934640085809E-04
 -5.7648289023653790E-06
  1.8831960872379938E-07
 -6.9207405800669130E-09
  2.7129289551845248E-10
 -1.1077779344369385E-11
  4.6526224582675210E-13
 -1.9950508968244085E-14
  8.7056758243233428E-16
 -3.8190094940905393E-17
  3.6633924347176504E-19
  1.0792194738443831E-20
 -1.6834333923636025E-18
 -1.3686792238021741E-18
  3.5450705053468552E-19
 -1.5143564334901160E-18
 -5.3545891181465809E-19
 -1.5242042804819453E-18
  4.7526602013205529E-18
 -4.1420568962769119E-18
  1.0750168283419960E-18
 -1.4776071470273880E-18
 -1.9139602443334116E-18
 -3.3617673718510152E-19
  1.4561264404119747E-18
  3.1434655865113650E-19
  1.0095621417691604E-18
  6.0952724654878303E-19
 -4.7949993124570848E-19
 -5.4449676653828622E-20
 -1.3589946640696906E-18
