                     128
                  0.1280
      0.0000000000000000
  1.6391106502107334E-02
  4.1300645945661300E-03
 -2.6844652681708668E-04
  2.2916348591875721E-05
 -2.1998122847684878E-06
  2.2524507297060089E-07
 -2.4024627644101871E-08
  2.6356894216161698E-09
 -2.9518056112591924E-10
  3.3583152557572659E-11
 -3.8685715582708202E-12
  4.5013702437627062E-13
 -5.2816872254820132E-14
  6.2426220155380419E-15
 -7.4317986087311599E-16
  8.9785627372961740E-17
 -1.0545554018793446E-17
  1.0250284536640781E-18
 -6.7811771972711039E-19
  3.7227757107898359E-20
 -1.5970608506550998E-18
  2.0807141485733516E-18
 -1.1265086490302845E-18
 -5.5872490154491935E-21
 -9.2296410313470415E-19
 -9.8457798700123253E-19
  5.7609910263031407E-19
 -1.8752481318658246E-19
 -2.4109494256035467E-19
  3.9596768083673242E-19
 -1.4223910137039576E-18
  4.3842452936262778E-19
  4.6761488549574136E-19
  6.5427693671458338E-19
  4.2815941616699278E-20
 -4.8138362237017588E-19
 -1.2137774193009022E-19
  2.5721702943289404E-19
 -1.0675796129412865E-18
  3.3670900634748015E-19
  8.5033714828336765E-20
 -6.9176821045801235E-19
  1.0715437557395448E-18
 -1.2417209752597033E-19
  4.4122260813601905E-19
 -1.2339642098358341E-19
  3.3471664783624584E-20
  1.9415577570556890E-19
 -2.3086779095424970E-19
 -6.7590666186578742E-20
 -2.8925273338500177E-19
  3.8122736435321854E-19
  2.7750805110875346E-19
 -1.6843814809462833E-19
  4.6852296531654768E-19
 -9.4944574975563044E-19
  8.6558003239779841E-19
 -5.4901496934117478E-19
  3.4348243544144647E-19
 -2.4086358169555080E-19
  2.2431195613322977E-19
 -1.6972523634968889E-19
 -2.1574057958387454E-19
  2.5542863293140347E-20
  2.4696481272607587E-19
  8.9793804677476412E-20
  3.5087592103337293E-19
 -3.9799927475831369E-20
  2.8405201302712378E-20
 -1.8062803680465786E-19
  2.6309337702403655E-19
  4.9400884373022449E-20
 -1.6271897727776768E-19
  3.6135769040469501E-20
  4.7553900326193100E-19
 -5.9134473782201408E-19
 -2.9562077961662094E-20
  3.5781923376339428E-20
 -2.0492803346797125E-19
 -1.8034124999058991E-19
  3.7769738171788916E-19
 -3.4410684866477354E-19
  1.7310012418307507E-19
 -2.4785513178581188E-19
  3.1176718855002686E-19
 -3.8031437238907924E-19
  3.6034763935268334E-19
 -3.7108296058501863E-19
  3.3131603380906154E-19
  6.6561354837279827E-21
 -1.5010591982749563E-19
 -1.3085597753286131E-19
  8.8400196904962070E-20
  7.6783572010259982E-20
 -2.7457351865755318E-19
  2.8619551510549558E-19
 -6.1427530244761982E-20
  1.8355585994754735E-19
 -2.2117551161888840E-19
 -1.9430441183546051E-19
  1.5016179587618015E-19
  1.1223954849444833E-19
  7.0488436726819383E-20
  3.6029383876579797E-19
 -4.2099850485244196E-20
  2.2438909934215360E-19
 -1.9650356914539553E-19
  1.3477045336488339E-19
 -4.1174371395629414E-20
 -1.0936279810105038E-19
  2.3768134628670671E-19
  1.0541759464933142E-19
 -2.2242470344237214E-19
 -1.9077943593512915E-19
 -3.2556419046251280E-19
  2.1210610631751819E-19
  7.0891213474803501E-20
 -2.1336759384905620E-19
  2.1267692900039933E-19
  2.9314838543856575E-19
  7.0400417706869397E-20
 -2.9278738149971448E-20
 -1.2333749317748072E-19
 -1.6209963516407968E-19
  7.3642015428920638E-20
  1.4174795996484568E-20
  3.6929409337929318E-20
  2.5719535303392674E-20
