                     256
                  0.9000
      0.6267890062732586
  2.8936823069274813E+00
  6.1881276978437665E+00
 -5.3072253390823332E-01
  8.7204374594723832E-01
 -1.3201918117175587E-01
  2.0206032090584594E-01
 -3.3768998783093883E-02
  5.4436943795983003E-02
 -9.4162674607074330E-03
  1.6091959795034166E-02
 -2.8493370879670256E-03
  5.0530057377300812E-03
 -9.1352227778324167E-04
  1.6524466903642672E-03
 -3.0477507586466960E-04
  5.5612426860566502E-04
 -1.0457819449451212E-04
  1.9116441566614204E-04
 -3.6618293759733512E-05
  6.6776685634217735E-05
 -1.3012716204301271E-05
  2.3619434749123893E-05
 -4.6747853551809763E-06
  8.4375847146376656E-06
 -1.6931535930870357E-06
  3.0384477710360071E-06
 -6.1711453869638951E-07
  1.1014638394371391E-06
 -2.2606777533777923E-07
  4.0154254722080101E-07
 -8.3171722574895869E-08
  1.4709791834141665E-07
 -3.0715871972855301E-08
  5.4118325119775021E-08
 -1.1383084998492226E-08
  1.9986983878869875E-08
 -4.2321770537237616E-09
  7.4071707114783531E-09
 -1.5782794546652005E-09
  2.7537176474724632E-09
 -5.9024081245691079E-10
  1.0266525443903565E-09
 -2.2131128049918698E-10
  3.8375232308247567E-10
 -8.3177590929200192E-11
  1.4377989032007715E-10
 -3.1328272683010070E-11
  5.3984614827016797E-11
 -1.1822149820210146E-11
  2.0308652577960525E-11
 -4.4688763104140384E-12
  7.6534136857039945E-12
 -1.6918547197012179E-12
  2.8888407316866078E-12
 -6.4139486773835967E-13
  1.0920117160692354E-12
 -2.4347065623651313E-13
  4.1335001236579934E-13
 -9.2527663686763885E-14
  1.5665480734673276E-13
 -3.5205699158187589E-14
  5.9453127997118569E-14
 -1.3411077917509869E-14
  2.2582891425031005E-14
 -5.0983501466644157E-15
  8.5662949200644418E-15
 -1.9253810708378105E-15
  3.2446951217722905E-15
 -7.2677753507213413E-16
  1.2359818153145962E-15
 -2.8312082277213059E-16
  4.7223170315053244E-16
 -9.4954956510990171E-17
  1.4915405213744826E-16
  2.4792783182105682E-18
  2.8515176143596961E-17
  1.3842702928048391E-17
  1.0441785970668620E-17
 -1.0739709005369581E-17
  2.7558855240555141E-17
 -2.6554625486727623E-17
  3.3512752700415893E-17
 -2.4377843703905740E-17
  1.0694699863283682E-17
  1.2960372224587568E-17
 -2.7729629710826631E-17
  3.9277014908430174E-17
 -4.0921479312727566E-17
  4.2440872279708548E-17
 -4.0753211982461570E-17
  3.6135166206610600E-17
 -3.6380335295164665E-17
  3.0678981354347567E-17
 -3.2642708044609223E-17
  3.2607132323882741E-17
 -3.8706053559924088E-17
  4.1990599908287730E-17
 -4.3262506994504099E-17
  4.1409230440562848E-17
 -3.4686271106246619E-17
  2.5551736725849658E-17
 -2.3271860496915161E-17
  1.9284313529771700E-17
 -1.5405619117140118E-17
  1.0625921732099017E-17
 -9.1252212005882603E-18
  1.1522024130594351E-17
 -1.2610988985569740E-17
  1.3846586425843119E-17
 -1.7135046699324338E-17
  2.1345979794723744E-17
 -2.1412528704844292E-17
  2.5714374993195502E-17
 -3.1394594308395964E-17
  3.6229491156002476E-17
 -3.7456020690908957E-17
  3.4583421012062960E-17
 -3.1875820682862960E-17
  1.9943136790655075E-17
 -6.4447099643517260E-18
 -1.1430877320207771E-17
  2.5848432381591854E-17
 -2.9170900633903737E-17
  3.4719070578356936E-17
 -2.9529877813063326E-17
  2.6243646595663536E-17
 -2.5795004160817948E-17
  1.9278356385658699E-17
 -1.5515291581478226E-17
  1.1276818333031754E-17
 -7.1055330739040384E-18
  2.1286005158853869E-18
  3.8726771721117201E-18
 -4.4964070080386450E-18
  5.4222942001325779E-18
 -7.0463118112383423E-18
  5.6612889628970421E-18
 -1.3606820403015377E-18
  5.2657141954565061E-18
 -1.2595503819590589E-18
  1.5371791084122976E-19
  9.1723074878779507E-19
 -3.6228321545674023E-18
  4.6048358978813500E-18
 -1.2443628730114131E-17
  1.5051877674894651E-17
 -1.6798962990039801E-17
  1.1698260228645532E-17
 -5.7534604613994091E-18
  1.0245953244202480E-18
  5.7018151144406304E-18
 -1.0499525547679514E-17
  1.4146801314455047E-17
 -1.4653130471178119E-17
  1.3959290636338792E-17
 -8.3501729478994486E-18
  4.8183728683305782E-18
 -5.1153367822050017E-18
  8.3514806304164278E-18
 -9.6221324730137103E-18
  7.9156413720712099E-18
 -4.0605298063934719E-18
 -1.2604329894907649E-19
 -2.2000883475764305E-19
 -6.8145186915409291E-19
 -1.4583550277978957E-19
 -2.5177427577828759E-19
 -2.5314970837724212E-19
  3.2709795340924569E-18
 -3.6720130876430783E-18
  8.3011249304339850E-18
 -8.8497820474408160E-18
  1.4097028314215196E-17
 -1.5139202769391269E-17
  1.7755024162372478E-17
 -1.6750107109694381E-17
  1.8919604688599935E-17
 -1.4455298789561640E-17
  9.2208323333909342E-18
 -3.6062738936092974E-18
 -2.0480118198611453E-18
  1.3588278761440063E-18
 -4.4585122515211068E-18
  1.0882034441919901E-17
 -1.6710641342332459E-17
  2.1526494942574835E-17
 -2.5103906747162939E-17
  3.1962734756182267E-17
 -3.4940679822699421E-17
  4.2855216295386280E-17
 -4.6643873277059223E-17
  4.7768087791359603E-17
 -4.5587339718992187E-17
  3.9392082373303723E-17
 -3.0080079053615033E-17
  1.7741462321505119E-17
 -5.5784925474903654E-18
 -5.3013859988850908E-18
  1.1352634684485893E-17
 -1.5537223842293000E-17
  1.5054539824096990E-17
 -1.0260859004876424E-17
  1.4135332868866346E-18
  5.5560431616107968E-18
 -1.1204216813945133E-17
  1.3799840683259601E-17
 -1.4072170835556236E-17
  1.4932317569102020E-17
 -1.8270396984167747E-17
  2.0281807257639738E-17
 -1.9895685135228984E-17
  1.7836116552387654E-17
 -1.1883717761291742E-17
  4.9482492859991503E-18
 -8.2578603264704763E-19
 -2.1270935601735635E-18
  5.0418511206788506E-18
 -6.3792355628327483E-18
  7.4020918789625408E-18
 -8.5177611586156413E-18
  5.6016648542371325E-18
 -5.3335990820055058E-18
  1.2721043970753327E-18
 -3.1673468148254959E-19
 -1.2970926605780541E-18
 -3.7777218718432932E-18
  3.1222882305208151E-18
 -4.7163888497231906E-18
  2.5231768003471529E-18
 -2.7735221319047016E-19
 -1.0645921850477122E-18
 -3.7481995161046085E-19
  1.0500795965360632E-18
 -1.1082090723667674E-18
 -1.9314465938946188E-18
  3.3413141348027326E-18
 -4.5163987287682959E-18
  4.7939819024284258E-18
 -5.1239095510931304E-18
  5.9720260133747598E-18
 -9.0973917009167505E-18
  1.2339759986855128E-17
 -1.7391075749394741E-17
  1.4230734521160351E-17
 -1.4284137999395944E-17
  9.2383636038135345E-18
 -3.4828610606183445E-18
  1.3193290426620839E-20
  6.4818730346723148E-19
 -2.5583831545808450E-18
  3.1901154433483349E-18
 -4.3620702632404529E-18
  5.3127439869413148E-18
 -5.4950888560474503E-18
  3.4972303772508980E-18
 -8.9840853266476454E-19
