                     128
                  0.1148
      0.0000000000000000
  1.3190795809112740E-02
  2.9908479140468851E-03
 -1.7390349236617980E-04
  1.3316873656320495E-05
 -1.1468776383768072E-06
  1.0535659809407200E-07
 -1.0081776854490793E-08
  9.9231147082723024E-10
 -9.9704440130107038E-11
  1.0177024991676457E-11
 -1.0517761958027779E-12
  1.0979534284889851E-13
 -1.1556532838342014E-14
  1.2240708681661838E-15
 -1.3155024221571580E-16
  1.5207434872793382E-17
 -1.7673736925850748E-18
 -9.6615838047364352E-19
 -3.4690845626122216E-19
  1.5921109433017726E-19
 -4.3164571289549369E-19
  4.9150657215034424E-19
 -3.9991717337358044E-19
  1.7961927251596988E-19
 -7.5227171113874029E-19
 -2.8142920789658929E-19
  4.2714590692813318E-19
  8.2763725956180946E-19
 -7.2412124206229003E-19
  7.4133555778798911E-19
  3.2060597994530325E-19
  6.7107012056758712E-20
 -4.2913034675555558E-19
  7.1432552336844643E-19
 -6.0752844770640943E-20
  7.2437240943503092E-19
 -3.3656769497426235E-19
  7.5487511573819417E-20
  3.3678890506306039E-19
  3.0187292827495159E-19
 -1.9190389965293583E-19
  2.8102337224214900E-19
 -4.8680563286877403E-19
  2.8998095227208717E-19
 -7.7279494361970124E-19
  6.4098609775514648E-19
 -4.8318243607541693E-19
 -2.2702481528982825E-19
  4.3854621933517449E-19
 -3.2149288513041062E-19
  5.2865394027470689E-19
 -2.3679798925109520E-19
  4.6470037467219000E-19
  2.5042325916355748E-19
 -6.1113434851669154E-19
  2.1487397085421042E-19
 -4.6567318267170330E-20
 -5.7326181175233360E-19
  1.4179698650455991E-19
 -3.6170094602481179E-19
  4.6908813473040339E-19
 -5.1426992145882965E-20
 -2.3527024079024335E-19
 -2.4170064720762607E-19
 -3.5122172036584159E-19
 -2.1716322288131775E-19
 -5.3907715220341397E-20
 -7.4283431490856733E-22
  3.8622664166619228E-19
  1.5795246460611713E-19
 -1.5164227120479704E-19
 -2.4389920343292248E-19
  2.1500726251408928E-19
  5.7012224108736506E-20
 -1.0609864005013362E-20
  3.3452277932138279E-19
 -1.2204463429006687E-19
  7.2297893102924156E-20
 -3.5056846253389280E-19
  4.5228289080244507E-19
 -3.3944539768582738E-19
  2.2978221100030162E-19
  3.5981127668689364E-19
 -2.5748395325316682E-19
 -1.2940228827360598E-19
  5.7282899892636257E-20
  1.5920421932555063E-19
 -2.9855667326727545E-19
  2.4558751424872841E-19
 -2.7481266349385943E-20
  2.9920078317417202E-19
 -3.9820247293939223E-19
  4.9219785247324528E-20
 -6.0576269520666847E-20
 -4.2346919760215499E-19
 -5.6819465876438195E-20
  4.7280764753619388E-19
 -3.4921460718222005E-19
 -1.7949639302800161E-19
 -4.1423747962695122E-19
  3.3594077027162169E-19
  1.8389041925781578E-19
 -2.2279246505690169E-19
 -9.5394346807393258E-20
  8.7015743325813123E-20
 -1.1644210134838147E-19
 -2.3537322171667600E-20
 -5.0061460378313598E-20
  2.0152746556118574E-19
 -1.9271931147729278E-19
  1.0635648178573036E-19
  3.9147583094892798E-20
 -2.0436805535303049E-19
  5.7738191578415362E-20
  1.4537485163601949E-20
 -9.6955480168280946E-20
  2.1431772723804584E-19
  5.3809553873701087E-20
 -9.8021860804509653E-20
  2.7850584706195113E-20
  2.2217172002916285E-19
 -2.2092291842704924E-20
  8.7597952482694788E-20
  2.0413268768929620E-19
 -4.4655649498921581E-20
 -2.2450160975640202E-19
  8.8500057479042972E-20
 -6.0766666652992266E-20
