                     128
                  0.1100
      0.0000000000000000
  1.2103511588956138E-02
  2.6315616891614199E-03
 -1.4642850872599570E-04
  1.0740693727142814E-05
 -8.8609449188257350E-07
  7.7975397613481114E-08
 -7.1476873948112318E-09
  6.7392088291273556E-10
 -6.4864598048117537E-11
  6.3422949871888109E-12
 -6.2788103117792153E-13
  6.2785749360518021E-14
 -6.3303405460750243E-15
  6.4399474240638930E-16
 -6.7090697470075406E-17
  4.2306673911041044E-18
  9.2156504136813099E-19
 -1.1291632533108540E-18
  1.0858913924245786E-18
  4.8666583321862491E-19
 -1.6823661561244334E-18
  1.1946957951163817E-18
  1.8789220483920279E-20
  4.3398442151678188E-19
 -1.0387711771115455E-18
  2.9035319370407184E-19
 -5.0684163450615098E-20
  1.2588635049927758E-18
  6.1515853266527143E-19
 -2.8551338754096329E-19
  4.7652557863945873E-19
 -9.5676188844026439E-19
 -5.4646232220867732E-19
  1.0464172790671307E-18
 -7.7519157354982729E-19
 -3.7143308468569303E-19
  4.3114710849087163E-19
  2.6194954842970732E-19
  3.2655156131405660E-19
 -4.1858529364506012E-19
  1.8874183845059520E-19
  4.3388305343219045E-20
 -3.7961121408975649E-19
  1.1767688062640951E-19
 -4.3694711363477508E-19
  8.7376357825640698E-19
 -5.3332885040813377E-19
  6.4036079450135685E-19
 -3.2723663392317289E-19
  5.5169102199140169E-19
 -5.7093714945711855E-19
  2.9018617951627101E-20
 -7.5398903328042937E-20
 -6.8250784780370688E-19
 -1.6730079010356028E-19
  2.0027085520815268E-19
  2.9837691418317179E-19
  3.0823353289408596E-19
  3.1572489972457057E-20
 -2.8742205395466210E-19
  3.8126674311974354E-19
 -6.3936580472644444E-19
  5.9738801027706193E-20
 -1.4977983986022725E-19
  1.5698439676898854E-19
  2.4641910123025197E-19
 -6.5876129248251324E-20
 -3.1654056560791157E-19
  5.2140174175844436E-20
  2.1736164988717296E-19
 -1.2478747733000440E-19
  9.1175154901323346E-21
  1.0380902456375373E-19
  2.2737117890228723E-19
  2.8288071296597177E-19
  7.6041302718879235E-20
 -1.5747968128603208E-19
 -2.2550952333487830E-20
  1.3344598512741361E-20
  3.9352687226695561E-22
 -2.4159990608471595E-20
 -2.7470140230600060E-19
 -1.7217998394969709E-19
  1.9039289680839397E-19
 -1.1860153360617406E-19
  4.1421208636563022E-19
 -4.6900174811736311E-19
  2.2564558281910817E-20
 -2.0351916553665008E-19
  1.8517192718934859E-19
  1.1474779153725208E-19
  3.5993396651980653E-20
  2.1270440177429202E-19
 -3.8570777848329682E-19
  5.9816732172316417E-20
  7.3019046801848569E-20
  8.8573647845299173E-20
  8.2506181890348986E-20
  1.1866777684533449E-19
 -2.2466270374818633E-19
 -3.3601857317904511E-19
  6.8116615369321561E-20
  3.6429166029686914E-19
 -2.1076540067365522E-19
 -3.7566524225405986E-20
 -1.0253902031473669E-19
  2.2209821091152956E-19
  5.8506485287056557E-20
  1.2822574333744702E-19
 -4.0852764107725890E-19
  1.1002314566289968E-19
  1.4814550637904767E-19
 -1.9578295144067464E-19
  1.4366099806117583E-19
 -3.5307015060733462E-19
 -6.5177315823297443E-20
  4.7707672937262278E-20
 -1.7063620824188367E-19
  3.5194642605583075E-19
 -7.0567308627400932E-20
 -2.2250805799640733E-19
  7.4711245108703391E-20
  1.3585319564818104E-19
 -2.8226795876258931E-19
 -3.6412815997524526E-20
 -1.7595934687192130E-19
  2.0206713080452560E-19
  4.3579255128421907E-20
