                     128
                  0.3095
      0.0000000000000000
  9.7454783790881475E-02
  5.5734501456747756E-02
 -9.2624303782984155E-03
  1.9328020967141787E-03
 -4.4903036623985236E-04
  1.1113367403334583E-04
 -2.8651495787593004E-05
  7.5985298344056947E-06
 -2.0573205863714711E-06
  5.6589831877073496E-07
 -1.5761133865352314E-07
  4.4341903982693466E-08
 -1.2579265234456771E-08
  3.5936058000690438E-09
 -1.0327357737415985E-09
  2.9831459500723977E-10
 -8.6556251135007053E-11
  2.5213064843877296E-11
 -7.3698881650577951E-12
  2.1609292322106607E-12
 -6.3537053308646753E-13
  1.8728335973263367E-13
 -5.5328253071868613E-14
  1.6379582422924952E-14
 -4.8617251434846932E-15
  1.4470467151598472E-15
 -4.3132240382769233E-16
  1.2882098045532949E-16
 -3.9187471849462028E-17
  1.1827920339719283E-17
 -1.3368512361485627E-18
 -2.5297049821435333E-18
  1.4193889114412818E-18
  6.3842238107173958E-19
 -1.4764819416722143E-18
  2.3394441077338896E-18
 -2.1192600615861219E-18
  1.2144408416336922E-18
 -8.6234042961341397E-19
  7.0793900086640331E-19
 -4.5445156130503435E-19
  1.6116456526263118E-18
 -1.7203170011221675E-18
  7.6046579331202251E-19
 -2.0449852856307778E-19
  1.6040790052642150E-19
 -4.0865869739082882E-19
  9.0310227829823207E-19
 -1.0202608781769162E-19
  5.1798495408199614E-19
 -1.8726895098441223E-19
 -5.3908592184817150E-20
 -1.5042526975611501E-20
 -1.2638821001211628E-18
  1.3585189569743494E-18
 -4.9422512028253446E-19
  1.1725148527566023E-18
 -1.1639091675324969E-18
  2.0233421586531478E-19
 -4.4898220034394091E-19
  2.2762439098311536E-19
 -2.4037760737530705E-20
 -7.4381223193279556E-19
  6.3030479424215475E-19
  3.0745223518199926E-19
 -1.0499329541471398E-18
  7.2948312809250491E-19
 -7.2064694316705170E-19
 -1.3479597530130518E-19
  8.3418628798109411E-19
 -9.5543578150719990E-19
  1.0362736926045245E-18
  6.7286829909731327E-20
 -1.0545471565432166E-19
  5.1149313707132528E-20
 -1.4641733460590500E-19
  6.5387175407896638E-19
 -1.9395205189802121E-19
 -1.2378865652177035E-19
  8.3002125638321238E-20
 -6.6263129774164069E-19
  6.4119988784455544E-19
  1.7027217910833686E-19
 -5.5623461916134676E-19
  8.6028085121960606E-19
 -8.0498302618819639E-19
  8.9982012077994508E-19
 -8.0214079572416003E-19
  1.0610530954696761E-18
 -8.3720953182435418E-19
  7.3170535648690519E-19
 -9.1321671307491612E-19
 -6.2854887474853180E-20
  1.7110948474657329E-19
 -5.3610848276949420E-20
  1.4827752779053366E-19
 -3.9656252851918813E-19
  6.0567242455016093E-19
 -2.7682736619415931E-19
 -2.6798874747974439E-19
 -2.3195500810886544E-19
 -6.2162914210568270E-20
 -1.1148399698351945E-19
 -4.9750370950359637E-20
  4.1777956548727678E-19
 -3.9246415003866731E-19
 -8.8441674470073981E-22
 -6.0550388301072939E-20
  1.1890417450995107E-19
 -5.1295878016294746E-20
 -9.3404357887907623E-20
  8.1399005067114667E-20
 -1.3119192108820869E-20
  2.8359971504613730E-19
 -3.1947336403976424E-19
 -1.9095036991584948E-19
 -2.0184704636114435E-19
  3.5826551071691185E-19
 -2.1704983937593245E-19
  1.4531563082879704E-19
  1.2711042724929913E-20
  1.6468374333762018E-19
  2.1004156445881262E-19
 -4.2712514177893764E-19
  3.0006089714020674E-19
 -1.9612617716397636E-19
  2.7788539422734128E-19
 -7.7106394499148272E-20
