                      32
                  0.0110
      0.0000000000000000
  1.2100000354281917E-04
  2.6616780798625884E-06
 -1.4641000172520541E-08
  1.0736735024453542E-10
 -8.8578016100335560E-13
  7.7932549074460471E-15
 -7.3741095318870709E-17
  1.7903023878254714E-18
 -2.0637439986845934E-18
  1.8914788553239081E-18
  9.8401640227060239E-19
 -1.8456119760047386E-19
 -1.0586069852612853E-18
  5.0331926845047313E-18
 -1.1899588756102753E-18
  3.5022793762522074E-18
  1.2202764960198738E-18
 -4.6780932824381748E-19
 -7.5855653925826933E-19
 -1.4856738218372494E-18
 -1.6750191732715317E-18
  1.0760588267043103E-18
 -6.9287643609900492E-19
 -1.0404172905151800E-18
 -8.8907004924287531E-19
  5.4747407289388321E-19
 -2.5922669963405694E-18
 -9.5792645722968541E-20
 -7.2502736772159914E-19
  1.2157026213572442E-18
 -3.3004874418289603E-19
 -1.7515699220683820E-19
