                     128
                  0.4310
      0.0000000000000000
  1.9740500682843037E-01
  1.4914173064286762E-01
 -3.5809147516987626E-02
  1.0610858227899807E-02
 -3.4525016984185215E-03
  1.1905229364983926E-03
 -4.2709203588110409E-04
  1.5759138594027811E-04
 -5.9372159016453637E-05
  2.2727530004697890E-05
 -8.8100497031557015E-06
  3.4499747075523204E-06
 -1.3623645019275637E-06
  5.4178272214810334E-07
 -2.1674882547142808E-07
  8.7162161505279861E-08
 -3.5208598947155476E-08
  1.4278475633419286E-08
 -5.8107332124518881E-09
  2.3720924360689076E-09
 -9.7105722929421209E-10
  3.9852168288842466E-10
 -1.6392717890198926E-10
  6.7569929802881442E-11
 -2.7905018847634860E-11
  1.1544360011484898E-11
 -4.7836194011663503E-12
  1.9851333557720744E-12
 -8.2493877514260426E-13
  3.4325176844669875E-13
 -1.4299580040961596E-13
  5.9636841502844433E-14
 -2.4898111158701225E-14
  1.0406038216840349E-14
 -4.3522697067901818E-15
  1.8214255947525376E-15
 -7.6351358543627519E-16
  3.2077983707381645E-16
 -1.3447351032417492E-16
  5.6954484513439246E-17
 -2.5610876211235265E-17
  1.1541498366026406E-17
 -5.7720287207087272E-18
  2.8706874211439517E-18
 -6.1265166839216090E-19
 -1.5540649511925867E-18
  2.4365789408622307E-18
 -1.4366059904153484E-18
  1.4951540816147113E-18
 -2.7344054626039813E-18
  1.8288928342110515E-18
 -8.1524746752380854E-19
  3.1376749104752308E-19
 -4.0478836463301575E-19
  2.0105107525494439E-18
 -2.2195549703757363E-18
  8.5525373904196863E-19
 -3.7496350000045185E-19
  6.2676849389772475E-19
  2.5663785024814667E-19
 -7.6858758989089798E-19
  4.2955285849746459E-19
 -5.7384511405539850E-19
  1.3759876402580667E-18
 -1.1564621191399999E-18
 -4.4634504865494101E-19
  7.7219757165623646E-19
 -4.9132267482316822E-19
  5.4423249774189681E-19
 -6.6509678845975063E-19
 -3.2608669682045437E-19
  5.2450620791120945E-19
  8.7557279724684002E-19
 -9.4602273507213961E-19
 -2.5393968758149990E-19
  2.6912742925798306E-19
  5.0966078155286029E-19
 -5.7049669054024542E-19
 -4.9473327167152968E-19
  9.7257569131127415E-19
  7.1701705730602547E-20
 -3.2000724536133418E-19
 -4.9870892841901436E-19
  3.4245795408398903E-19
  3.4188862635935776E-19
 -2.5423995431826443E-19
  2.8699637994835207E-19
 -2.6048303161199561E-19
  3.6273717184731768E-19
  7.2343374219978057E-20
 -8.6674786720969668E-19
  1.4744651795746524E-18
 -8.4951276740214766E-19
  2.3157256186456719E-19
 -2.8682838315113820E-19
  1.3763149055743100E-19
 -5.4615590744068041E-19
  1.3091319135559493E-18
 -1.6184785441983654E-18
  1.8741773385919431E-18
 -1.6533207182032870E-18
  9.7319714345774975E-19
 -7.8671536076798306E-19
  8.9715482110192722E-19
 -3.8432652227770209E-19
 -3.1712584972708341E-19
  3.7995150613480234E-19
 -2.3750980029357173E-19
  5.6693538507390438E-19
 -8.0212713960184174E-19
  1.3803972013615772E-18
 -1.6588579824551614E-18
  1.1762359928144810E-18
 -1.0381533684223507E-18
  5.0106521542218503E-19
  5.2209855518329529E-19
 -6.6408192681025840E-19
  5.9751106711473335E-20
  1.8692003158479710E-19
 -3.6316116410740019E-20
  2.6809880407041037E-19
 -2.9785299338774810E-19
 -1.0550197969981364E-19
 -1.7114885188119629E-19
  5.9935023740765670E-19
 -9.2200943055066111E-19
  8.4362804704716026E-19
 -2.9349963753154660E-19
