                     128
                  0.7500
      0.4514162296451367
  9.4389877226206309E-01
  1.4175129728239635E+00
 -9.7249410536810257E-02
  1.0001431437117843E-01
 -1.0020478793511457E-02
  1.1689016769089653E-02
 -1.3636437048301399E-03
  1.6675153648678012E-03
 -2.0863639431935429E-04
  2.6041788058107549E-04
 -3.4133898837133771E-05
  4.2912336646567338E-05
 -5.8167425320918127E-06
  7.3295322560896135E-06
 -1.0190215825329532E-06
  1.2843714032790034E-06
 -1.8219253694838413E-07
  2.2941615370146932E-07
 -3.3090913772397126E-08
  4.1592804927791124E-08
 -6.0858202800424964E-09
  7.6309927538227217E-09
 -1.1306855360423136E-09
  1.4137593327281839E-09
 -2.1184203003012164E-10
  2.6405710820205890E-10
 -3.9970863104212775E-11
  4.9659749075595064E-11
 -7.5871181367368587E-12
  9.3943402105000811E-12
 -1.4475935312027923E-12
  1.7862412342845456E-12
 -2.7743350406614838E-13
  3.4114282890236546E-13
 -5.3369925489285320E-14
  6.5403038374801245E-14
 -1.0296536264370027E-14
  1.2575844633217005E-14
 -1.9811633893352823E-15
  2.4110808536642932E-15
 -3.7251649389433712E-16
  4.5946489167690034E-16
 -6.7970453934940147E-17
  8.8602827080528843E-17
 -1.2280459514245037E-17
  1.8720304456900768E-17
 -1.3918757032677634E-17
  2.0005995817740401E-17
 -1.5654066818411220E-17
  1.3638463018494414E-17
 -6.5711078168076680E-18
  3.0309832221179875E-18
 -2.0851839127335485E-18
  1.2414661934826542E-18
  5.6177214632985808E-18
 -7.3722733400830620E-18
  1.1423984437732841E-17
 -1.2109015758528006E-17
  8.9872240070521962E-18
 -6.5623365957781440E-18
  2.2371838639479099E-18
 -4.3334738954151788E-19
 -8.1712246037947718E-19
  3.8576435736254974E-18
 -7.3175497532743642E-18
  2.8455560885259893E-18
 -7.6507965838554098E-19
  2.1184273133056043E-18
 -5.3375612277101921E-18
  6.3430519454482155E-18
 -4.2791797019717451E-18
 -1.0185449882350380E-18
  2.0813093457936843E-18
 -5.9320756529840800E-19
 -1.0168610391505382E-18
  3.8823807084025201E-18
 -4.6654450157833104E-18
  7.1795451102933123E-18
 -7.6766672255219723E-18
  7.0558178957320166E-18
 -6.1711015532480297E-18
  7.3367584200430358E-18
 -4.6678992610680039E-18
  4.7904457862530381E-18
  4.0389159950034537E-21
 -1.9722059955976188E-18
 -5.6418548299947723E-20
  2.5587276448603979E-18
 -6.5274942420568065E-18
  7.9136095673386290E-18
 -6.8204907378288295E-18
  4.0552955555864421E-18
 -1.5381236572435672E-18
 -3.9308444147978347E-19
 -1.6344843551772788E-18
  4.8883021220994335E-18
 -6.2578224775345492E-18
  6.0736112469057910E-18
 -7.3600100593594156E-18
  5.9448398470992506E-18
 -4.4486601300014757E-18
  2.4559085478146890E-18
  3.2416471370288720E-19
 -2.3710584271144946E-18
  2.2770705466273454E-18
 -4.0342753088173908E-18
  3.2626428365989594E-18
 -1.6200766037914726E-18
 -5.3365657173550317E-19
  1.6606359549252328E-19
  1.9394997909322942E-18
 -3.4131299923217371E-18
  3.2941881118662209E-18
 -1.7697327576319301E-18
  2.0756011898559162E-18
 -3.0316300755615746E-18
  2.9480647451975192E-18
 -1.2106159637281080E-18
  3.8357731784219121E-19
 -3.0383387838318821E-19
  3.5265748303132868E-18
 -5.0165008522811145E-18
  3.5657740635066982E-18
  1.2553543942738382E-19
 -2.5924168087501421E-18
  2.4026667270912913E-18
 -2.1483830425045092E-18
  2.2151825298313152E-19
