                     128
                  0.0800
      0.0000000000000000
  6.4005217968218266E-03
  1.0176394261371393E-03
 -4.0961425573641644E-05
  2.1847607346949265E-06
 -1.3108502954915707E-07
  8.3894141228335378E-09
 -5.5929301932389043E-10
  3.8351460461994840E-11
 -2.6845988893947738E-12
  1.9090444723756506E-13
 -1.3745397515460693E-14
  1.0025680500984483E-15
 -7.3342280922526541E-17
  7.2746782261219297E-18
 -9.6543445230264141E-20
 -2.2028933430842478E-18
  8.3298386773338879E-19
 -2.0276028640301675E-18
  1.5649647796804473E-18
 -2.5486095400264734E-19
  1.5698273516634817E-18
  4.2417171090262550E-19
 -4.5014393816170007E-19
  1.2579150966336201E-19
 -5.2188305846231000E-20
 -5.0441905472127385E-19
 -4.2621268975632439E-19
  1.2217900810298495E-19
 -8.9541767370461292E-19
  3.9286362623646540E-20
 -1.0818018829971186E-20
  6.5781209293740403E-19
  2.1602563180829159E-20
 -6.1657007408071954E-19
  7.3502948690842060E-19
 -8.1080094790386150E-19
  1.0125148198616722E-19
  1.4363626897164628E-19
 -5.8037778217159111E-19
  2.0207698217546694E-19
  5.4709748826921302E-19
  9.5442756467305040E-20
 -4.7233524545071563E-19
  3.3796592111038256E-19
 -4.0694146087188838E-19
  5.0243569252608159E-19
 -2.6894839055644957E-19
  4.7761403459068438E-20
  2.8152951019165019E-19
 -1.1534383786660550E-19
  1.3774198190323728E-19
 -2.6948781122879925E-19
  9.0639674015907932E-19
 -1.9819390908384358E-19
  3.1876607135191645E-19
  5.1068816187102776E-19
 -1.3725260877942661E-19
 -1.7511044412586191E-19
  2.4307287392688121E-19
 -1.1448254058441129E-19
  2.3686689082105117E-19
  7.7117479911938389E-20
 -1.2166018428482446E-19
 -4.1929280461956830E-19
  7.8603050550547069E-19
 -7.4139610769190209E-19
  1.6846842462354963E-19
  9.7424102879400173E-20
 -2.8370236720142300E-19
 -1.2628285800685528E-20
 -2.6314219863399349E-19
  8.8041205397157760E-20
 -1.3883215821838922E-19
  8.9705738957788639E-21
  2.2697193975370743E-19
  9.7643896430676686E-20
 -4.1982165408706049E-19
  1.9389765622556252E-19
  1.4055678335298941E-19
 -1.8991758488608192E-19
  4.9091728223082481E-19
 -5.0963346364821423E-19
  2.0133425675596298E-19
  2.4418119319445774E-20
 -1.2380667192394901E-20
  3.5702912381184937E-20
  3.0845989937789837E-19
 -2.4146318454429952E-19
 -2.4427910299437035E-19
  3.2548695657709664E-19
 -8.9865320817047212E-20
 -1.6170130014296041E-19
  2.2975422350605557E-19
  7.5246630214572570E-20
 -3.3840274990530604E-19
  2.2314986590399861E-20
 -2.7311085929695394E-19
  5.0827278342774048E-20
  3.3586681717794734E-19
 -3.4075496492221869E-19
  5.2066258648235960E-20
 -1.0209559804799886E-19
  2.6127639375685132E-19
 -1.9249103995067107E-19
  9.7867757606165985E-20
  9.0684575709487176E-20
 -1.2046952402768331E-19
  5.0940945451489366E-20
  1.9939786270906942E-19
 -2.7461474593880928E-19
  1.4925883021111435E-19
 -7.1525699113577450E-20
 -3.9522669381950877E-20
  2.0758678430601557E-19
 -1.7909090637151687E-19
 -1.0645837327908725E-19
  2.4340555263581012E-19
 -1.1732685674877800E-19
 -4.1852751901922937E-20
 -8.5335164344417338E-20
  1.7334383566202378E-19
  2.5207094145763362E-20
 -4.5079343010246717E-20
 -1.4417166925372249E-19
 -1.2630182416900267E-19
  1.2663000910061656E-19
 -4.5096369165062739E-20
 -4.0135409059108196E-20
