                      32
                  0.0440
      0.0000000000000000
  1.9360144916191026E-03
  1.7004113486777109E-04
 -3.7481077780102764E-06
  1.0994520383820091E-07
 -3.6281899883975657E-09
  1.2771225042520375E-10
 -4.6827823543309752E-12
  1.7660846797693546E-13
 -6.8093857422865188E-15
  2.7092714228193500E-16
 -1.3786852123143217E-17
  2.0621366397684091E-18
  2.0666001192033048E-18
 -2.7088730392388770E-18
  3.9174982184766031E-19
  9.7598700662881671E-19
  8.1378851681938789E-19
 -1.2826804946127938E-18
  2.0265286286768411E-18
 -2.6512149795444074E-18
  2.6340715933867177E-18
  7.9363817081767350E-19
 -7.2067114177419402E-20
 -8.6425002142157965E-19
  9.3485386900493668E-19
 -1.9034399843276949E-18
  3.5851790725927480E-18
 -1.3955417039916926E-18
  2.6125189724123691E-19
  8.6051842544513736E-19
 -1.2708695777194197E-18
 -2.6595818197224972E-19
