                     128
                  0.3900
      0.0000000000000000
  1.5855825467388182E-01
  1.1035004358615387E-01
 -2.3703897966054023E-02
  6.3076367681862899E-03
 -1.8518466119620523E-03
  5.7752985511199404E-04
 -1.8751587459391882E-04
  6.2630455819855116E-05
 -2.1358032861613825E-05
  7.4000449071064083E-06
 -2.5962425169899552E-06
  9.2013771250872300E-07
 -3.2884320385367225E-07
  1.1835058766065647E-07
 -4.2849387543937933E-08
  1.5593825462791692E-08
 -5.7004015779515359E-09
  2.0920236021381170E-09
 -7.7044263213671858E-10
  2.8461822808525345E-10
 -1.0543751296994292E-10
  3.9157891446744029E-11
 -1.4575835858246886E-11
  5.4368764043121540E-12
 -2.0318425201692517E-12
  7.6065776215992207E-13
 -2.8522332350614909E-13
  1.0710752815129144E-13
 -4.0277172599608502E-14
  1.5165848643951073E-14
 -5.7178022187125217E-15
  2.1592912943260680E-15
 -8.1785201755761840E-16
  3.0913034639935197E-16
 -1.1697621133548345E-16
  4.4027262667396805E-17
 -1.5703172475902416E-17
  5.5089964028828439E-18
 -1.6283527800442807E-18
  2.2599737032722164E-20
  1.4432627549205383E-18
 -9.3919519009677961E-19
 -6.0635220514223911E-19
  8.2550276674426601E-19
  1.7080702868916864E-19
 -1.0098878433432298E-18
  1.1247537431603133E-18
 -1.6827182445584670E-18
  2.1162456142419481E-18
 -1.4869565656569786E-18
  1.2118610202522269E-18
 -1.5458124529275273E-18
  6.6280967214012922E-19
  9.7630949054613871E-19
 -9.2614705665547368E-19
 -3.7827613118322413E-19
  1.6753941302173661E-19
  9.0420082866786628E-21
  2.6378689624544845E-19
 -1.0215132947207145E-19
  1.6993156938139950E-20
 -6.8144568503780722E-19
 -2.6160264112310287E-20
  6.2230482721342185E-19
  5.7197316876173203E-19
 -8.9812465426717020E-19
  9.2359936245776157E-19
 -1.4877140368955521E-18
  1.1278559822485343E-18
  2.8832641802289433E-19
 -1.6156797284631190E-18
  1.0791160506678187E-18
 -9.7256327737525062E-19
  5.3696378780608222E-19
  1.5983480414575748E-19
  1.9689758078673590E-19
 -3.0430018662209834E-19
  4.4254023768499356E-19
 -1.0225439658180444E-18
  9.4147817764212654E-19
 -7.5889764727312738E-19
  9.8497198315774663E-19
 -4.6487978786717580E-19
 -6.7625833665552937E-19
  1.0698611136273362E-18
 -9.7568865743142103E-19
  9.4742583696868522E-19
 -1.0859936797611086E-18
  1.1842510169565152E-18
 -8.1811856075256562E-19
  3.8254645285276895E-19
  3.3320562280488074E-19
 -3.7213138790381067E-19
 -6.6518235595243380E-19
  1.3228831754791782E-18
 -9.3989830273699586E-19
  7.1075728470535050E-19
 -2.7246501499129125E-19
 -2.7956144680422321E-19
  6.4952645427058637E-19
 -4.4508572771375197E-19
 -6.4107889857172190E-19
  4.9719396257535184E-19
 -2.4291657292058830E-19
  5.3257809067428614E-19
 -5.5015943133509356E-19
  1.5507713253262415E-19
  4.9703298008004506E-19
 -7.0242942022282296E-19
  4.1540527376059004E-19
  3.2233201192830170E-19
 -4.4490833225321277E-19
 -1.6730433803062715E-19
  5.1919194390635635E-19
 -8.0941731850531200E-19
  4.3854991061993549E-19
  1.2770882725889060E-19
 -1.8861164727536713E-19
  2.3417659245317559E-19
 -4.2627277140567770E-20
 -1.3916724943370074E-19
  3.2472749670096044E-19
 -2.4985122541393109E-19
 -1.9559536998906346E-19
 -8.5435155681224134E-20
  1.9679095717177432E-19
  1.1125739348535539E-19
 -1.4667403369218984E-19
