                     128
                  0.9000
                  0.0000
  2.8936823035793635E+00
  3.9953839477615656E+00
 -2.0120999129370212E+00
  1.2888735158847673E+00
 -9.1341002207977640E-01
  6.8407303036436495E-01
 -5.3022065349067071E-01
  4.2058015572811069E-01
 -3.3913074711104296E-01
  2.7678870954777712E-01
 -2.2800243984790045E-01
  1.8917640957708085E-01
 -1.5787189139473284E-01
  1.3237158911906180E-01
 -1.1142838441867930E-01
  9.4113214634625797E-02
 -7.9719141286855810E-02
  6.7698681864434410E-02
 -5.7621581194748993E-02
  4.9145559688603367E-02
 -4.1995543784677923E-02
  3.5948588510865916E-02
 -3.0822712868026354E-02
  2.6468485235089476E-02
 -2.2762581558050651E-02
  1.9602785753952860E-02
 -1.6904062890131001E-02
  1.4595443016917467E-02
 -1.2617526337589887E-02
  1.0920470671203598E-02
 -9.4623574739369411E-03
  8.2078578992190489E-03
 -7.1271386725564141E-03
  6.1949610371783608E-03
 -5.3899361041137529E-03
  4.6939075770055967E-03
 -4.0914386818512571E-03
  3.5693846796118365E-03
 -3.1165359050236408E-03
  2.7233190952660790E-03
 -2.3815470205453626E-03
  2.0842082332271010E-03
 -1.8252902088964065E-03
  1.5996303345088270E-03
 -1.4027901615699739E-03
  1.2309491294715251E-03
 -1.0808146097404884E-03
  9.4954565291364111E-04
 -8.3468825743131074E-04
  7.3412034149929759E-04
 -6.4600489810323928E-04
  5.6875006144966136E-04
 -5.0097501912884919E-04
  4.4148087564317874E-04
 -3.8922571566674894E-04
  3.4330323445080880E-04
 -3.0292440223100500E-04
  2.6740171267134220E-04
 -2.3613563505159503E-04
  2.0860294834295482E-04
 -1.8434668439971889E-04
  1.6296744877677795E-04
 -1.4411592245104429E-04
  1.2748637704765295E-04
 -1.1281106093556501E-04
  9.9855334499320859E-05
 -8.8413450628034869E-05
  7.8304891500883682E-05
 -6.9371185517201235E-05
  6.1473139075673232E-05
 -5.4488427149533400E-05
  4.8309494483026351E-05
 -4.2841725958678559E-05
  3.8001850431085529E-05
 -3.3716547239326086E-05
  2.9921228821416151E-05
 -2.6558976465837010E-05
  2.3579609335797316E-05
 -2.0938869566931307E-05
  1.8597708532043808E-05
 -1.6521661341423007E-05
  1.4680298350058619E-05
 -1.3046743912631476E-05
  1.1597253896945742E-05
 -1.0310844564616445E-05
  9.1689663787638607E-06
 -8.1552171227851194E-06
  7.2550894298969798E-06
 -6.4557484452066550E-06
  5.7458358836705392E-06
 -5.1152972197837394E-06
  4.5552291578270377E-06
 -4.0577448931540569E-06
  3.6158549927077699E-06
 -3.2233620024566100E-06
  2.8747671361622655E-06
 -2.5651876180421947E-06
  2.2902834450404677E-06
 -2.0461925057119797E-06
  1.8294731443843922E-06
 -1.6370533932713982E-06
  1.4661862129011797E-06
 -1.3144101836453049E-06
  1.1795151788675382E-06
 -1.0595126236634317E-06
  9.5261000229819992E-07
 -8.5718932244026130E-07
  7.7178927470130052E-07
 -6.9509084187596817E-07
  6.2590611348030014E-07
 -5.6317004790965361E-07
  5.0593489702829805E-07
 -4.5336696731664093E-07
  4.0474533900953436E-07
 -3.5946210196054469E-07
  3.1702359701882111E-07
 -2.7705207780875677E-07
  2.3928713464301262E-07
 -2.0358615475921420E-07
  1.6992303785309189E-07
 -1.3838434967065017E-07
  1.0916208732374918E-07
 -8.2542255924783925E-08
  5.8888524590413628E-08
 -3.8620345798135931E-08
  2.2185070690629917E-08
 -1.0023731598614811E-08
  2.5300296282657096E-09
