                     128
                  0.0120
      0.0000000000000000
  1.4427485574984960E-04
  3.4653996051490495E-06
 -2.0815232616518022E-08
  1.6668072110260021E-10
 -1.5015646686528313E-12
  1.4431342342756551E-14
 -1.4427565704109651E-16
  1.2445676139160518E-18
 -1.1760801724364674E-18
 -5.2187786274110809E-19
 -4.1593059720627049E-19
 -1.2369118768955524E-18
 -8.3469494109642529E-19
 -2.4670626603939464E-18
  1.2889620191353242E-18
  3.4328321080267420E-19
 -9.5355509951113457E-19
  3.1239718184315221E-19
  4.4757316202465980E-19
 -1.1514525332589305E-18
  9.3023459895712319E-19
 -7.3365022286899849E-19
  3.7904349774027391E-19
 -7.6043749096184131E-21
 -4.5738258686514465E-19
  6.4091945090575031E-19
 -6.5043420219599342E-19
  7.5406556497358541E-21
 -4.8620332314143950E-19
  2.8458641653735432E-19
  9.8559016800938063E-19
 -1.0242301326261017E-19
  1.5259784011304417E-19
  5.8149929044992320E-19
  3.3802771160479832E-19
 -7.1810077183353850E-19
  6.4812030002177744E-20
  2.1330833091518136E-19
  1.0053207506222628E-18
 -3.6534658694892138E-19
  1.0362474053195370E-18
 -8.4885326650234495E-20
  1.5452775813138888E-19
 -1.4685030481929519E-19
 -2.3427972220186948E-19
  3.3393794336134864E-19
 -2.2519307945515045E-19
  3.7261499962211015E-19
 -1.8219312986159739E-22
  1.8675405910215092E-19
 -9.3820687225826078E-20
  2.3691506768923395E-19
  1.7719363125509738E-19
  1.5621558126083803E-19
  1.2188345940273680E-20
 -1.9665939766455440E-19
  7.9008206175686465E-19
 -2.6412226288788598E-19
 -3.9638952087706970E-19
 -6.1230629071421414E-19
 -5.3484382220295430E-19
 -1.9998436626250368E-20
  7.0716017814440776E-20
 -6.9121441618299695E-20
  4.0253866460291497E-19
 -2.5047450034895623E-19
 -7.3706309397843587E-19
  1.0340803928998513E-19
 -1.8786910378236740E-19
  1.1007004200897709E-19
 -4.2232143063765564E-19
  1.6821080840278050E-19
  5.0374687564230192E-20
  2.6453305250688456E-20
 -6.7063233315424690E-20
 -4.0120658983467258E-20
  1.6424155832186128E-19
 -4.0558263579640614E-19
  1.7617158609486989E-19
 -2.7906772784652327E-19
  6.3143456828894034E-20
 -2.9281470294394806E-19
  3.4557549992103098E-19
  3.0867569379055936E-19
  1.6863243420185575E-19
 -1.2257336455799336E-19
 -2.9752730999303607E-19
 -1.2616553961378506E-19
  3.4339817776401286E-19
 -1.5606325997729340E-19
  2.4989553657133349E-19
 -4.7944019882256415E-19
 -2.3066011411258010E-19
 -1.0860212444717478E-19
 -8.8449632267292366E-20
 -3.3925406033020472E-20
 -9.5109121652876639E-20
 -5.5071023866074532E-20
 -1.1271581477782738E-19
  5.8127603118437253E-20
  1.9960511464831472E-19
 -2.2519318545721979E-20
 -2.9380879742216632E-19
  2.7788628605758103E-20
 -6.0532648125390690E-19
  5.5657774639671697E-20
  6.2418450631313524E-20
  8.5094875810561255E-20
  3.1593927285467187E-19
  5.4752978892976540E-20
 -4.0161104390055886E-19
 -6.1305192327950033E-20
 -2.3238102982720878E-19
  9.8747229506688291E-20
  8.4686514876303684E-20
 -3.0428182476045594E-20
 -2.0456087920730977E-20
 -1.5187805166256750E-19
  6.7097011929081745E-20
 -9.1708491721335187E-20
 -1.6244236737207369E-19
 -2.7400955979542789E-19
 -9.8156457079942869E-20
  2.7480386183413626E-19
 -2.9993085138151594E-19
  1.2477233880007902E-19
 -1.4455275285331195E-19
  1.9272699435050596E-20
