                     128
                  0.4955
      0.0000000000000000
  2.7215694718809808E-01
  2.2999807315634557E-01
 -6.4434830522374850E-02
  2.2238564513238617E-02
 -8.3748381635633251E-03
  3.3273753278235184E-03
 -1.3725302157171176E-03
  5.8194520135218715E-04
 -2.5190097319048176E-04
  1.1079402159169437E-04
 -4.9350650570476214E-05
  2.2208106186284959E-05
 -1.0078479265000454E-05
  4.6063059519292497E-06
 -2.1180012233924344E-06
  9.7893113868220578E-07
 -4.5450449973028731E-07
  2.1185827097422430E-07
 -9.9100563529998691E-08
  4.6501267518716879E-08
 -2.1881218845073005E-08
  1.0322310838697906E-08
 -4.8806586673679113E-09
  2.3125287019264764E-09
 -1.0978058037550932E-09
  5.2206626973582526E-10
 -2.4867236356844853E-10
  1.1862549952254225E-10
 -5.6666957591018335E-11
  2.7104454895669524E-11
 -1.2979930874183516E-11
  6.2228720573511897E-12
 -2.9865181866200061E-12
  1.4347187495788440E-12
 -6.8987629944330772E-13
  3.3201155825438197E-13
 -1.5991665147068717E-13
  7.7085135469690485E-14
 -3.7183244188688166E-14
  1.7947059282993877E-14
 -8.6678938052431197E-15
  4.1891683565641941E-15
 -2.0259403144333927E-15
  9.8195649619881488E-16
 -4.7716760765987810E-16
  2.3122550236899395E-16
 -1.1126596249239069E-16
  5.4032352059751830E-17
 -2.7193469083090285E-17
  1.3955528603163434E-17
 -7.2489970439219437E-18
  3.2670918855251032E-18
 -1.4685118175834994E-18
 -2.0183960966058864E-19
  1.3102036859986819E-18
 -9.1758104785549288E-19
  1.4396506802932031E-18
 -1.5703282065598421E-18
  5.7144230856377123E-19
  1.0485719994270516E-18
 -1.6381734969030331E-18
  1.3496685040424326E-18
 -7.4808695535957055E-19
  7.2448071033352388E-19
 -1.1426556623905730E-19
 -1.0904346806754034E-18
  1.7098774215552581E-18
 -1.3995110876148501E-18
  4.7425466620302943E-19
 -3.5207734720755797E-19
  1.3400692246659771E-19
 -4.9212415499267481E-19
  7.7383226667501320E-19
  6.5188399909848999E-20
 -7.9848311651231694E-19
  1.3204392198670896E-18
 -1.2371794137602190E-18
  7.9140456163444613E-19
  4.2574004941340595E-19
 -8.6319486334895464E-19
  5.6685200696341472E-19
 -1.5244737257871845E-19
  8.9688485544024218E-20
 -4.4811121883477425E-19
  6.2061485129756463E-19
 -5.0438814677303092E-19
  9.1385656333809090E-20
 -1.3354475473266321E-19
  9.4161816216116309E-19
 -4.7786621912010158E-19
  2.4097237535509806E-19
 -6.6224173868050994E-19
  1.2425423154167745E-18
 -1.1547957688679818E-18
  7.8825389165165478E-19
 -5.7341528567583696E-19
  1.9020217067601870E-19
 -8.5299659752167503E-20
  3.6009628266246667E-20
 -5.2219327342692828E-19
  8.0558576576718362E-19
 -3.1924724341246987E-19
 -1.0332104284122560E-19
  1.0955987574831326E-19
  1.6180720106994912E-19
 -6.6130332910666502E-20
 -6.3520135702864695E-19
  1.3528014266087974E-18
 -1.6322914826700580E-18
  9.2523606774210100E-19
 -3.4200055915010371E-19
 -5.7261824041344199E-19
  1.1638608236012553E-18
 -6.7399251023265919E-19
  5.2217727965423692E-19
 -5.9813850783469784E-19
  5.5233491247560089E-19
 -7.1754153376718353E-19
  4.4076861276500849E-19
 -2.0215237403586687E-19
  4.0634508684660618E-20
 -7.1037016090271796E-21
  2.3347522165662148E-19
 -2.2086577439933499E-19
  2.9822478026673386E-19
 -2.6726961454974448E-19
 -1.5517076098597879E-19
  1.0779392529754368E-19
