                      32
                  0.0450
      0.0000000000000000
  2.0250165823883334E-03
  1.8188441589779675E-04
 -4.1006391016159120E-06
  1.2302004070383312E-07
 -4.1519242079696614E-09
  1.4946922710330116E-10
 -5.6051013891179164E-12
  2.1619139211981819E-13
 -8.5137218327135666E-15
  3.4393950270725754E-16
 -1.7558310702619619E-17
 -5.5693567870870403E-19
  3.2953067358438990E-18
 -8.7807782146592758E-19
 -2.9438256781034835E-18
 -1.4081161479533797E-18
  1.3459459134311598E-19
  2.3949497801599029E-18
 -3.4070572774911799E-18
 -1.5100382572680419E-19
  1.0745776214418153E-18
 -1.2656884356154929E-18
 -6.1816190678595826E-20
  2.3840322173158842E-19
  1.1786055329314581E-18
 -1.9726911255822208E-18
  8.5410820790438035E-19
  1.2071751900660055E-18
 -1.2780238246170068E-18
  6.1384408825338867E-19
 -7.8266666572518738E-19
  7.8599726557798864E-19
