                     256
                  0.8900
      0.6112803094302024
  2.6010575991997720E+00
  5.4031523289868177E+00
 -4.5977859507596608E-01
  7.2402040274069634E-01
 -1.0696938181705339E-01
  1.5888685916325501E-01
 -2.5836171948529819E-02
  4.0722202173230124E-02
 -6.8840091762917815E-03
  1.1472691452416209E-02
 -1.9921071390606592E-03
  3.4315780591406705E-03
 -6.0940757807173942E-04
  1.0681979502606936E-03
 -1.9362949478903392E-04
  3.4203875293573700E-04
 -6.3206604351574919E-05
  1.1183612774899025E-04
 -2.1043923188162270E-05
  3.7155782547644908E-05
 -7.1095577954435598E-06
  1.2499457936138640E-05
 -2.4283609487606039E-06
  4.2469264446366094E-06
 -8.3636809967633024E-07
  1.4546752705828541E-06
 -2.8993157722452769E-07
  5.0160727501995357E-07
 -1.0103247531688157E-07
  1.7394803991257543E-07
 -3.5361382660581789E-08
  6.0617127216438177E-08
 -1.2423943529473101E-08
  2.1214475687268448E-08
 -4.3801533404770611E-09
  7.4529204155759814E-09
 -1.5491766560348064E-09
  2.6273117459669323E-09
 -5.4953800635381906E-10
  9.2906664813176342E-10
 -1.9547444443162525E-10
  3.2946477278000894E-10
 -6.9708826532147859E-11
  1.1713519005895815E-10
 -2.4917202542525246E-11
  4.1742824570862484E-11
 -8.9254891274624340E-12
  1.4907363394606837E-11
 -3.2032714056337243E-12
  5.3340910057450736E-12
 -1.1515831107994041E-12
  1.9119839656590443E-12
 -4.1462526158152262E-13
  6.8644630306397256E-13
 -1.4949055169059788E-13
  2.4681576756002777E-13
 -5.3955910718665079E-14
  8.8842426940331535E-14
 -1.9475203129716373E-14
  3.2009324364591482E-14
 -7.0399762196622440E-15
  1.1555435998753786E-14
 -2.5539063908041328E-15
  4.1865071989522491E-15
 -9.4811541194295706E-16
  1.5432346982266385E-15
 -3.6760757090856593E-16
  5.7910937843845957E-16
 -1.4946376941976470E-16
  2.2136913825841365E-16
 -6.1765292467461399E-17
  8.3739696235245206E-17
 -1.9175921045507833E-17
  1.6369527621748438E-17
  9.6824827560042910E-18
 -9.3673846293422432E-18
  1.9477578765530856E-17
 -2.3138426003329467E-17
  3.3742703325122346E-17
 -2.8788678836852987E-17
  3.2504666756252863E-17
 -2.3209525266803921E-17
  1.7989679192142908E-17
 -7.2715203185488818E-18
  1.1195909246231896E-17
 -1.7991010088390793E-17
  2.3918287657071111E-17
 -2.5337090163359180E-17
  3.2429267634110459E-17
 -3.8540788128400687E-17
  4.1552269266264870E-17
 -4.5851699164491972E-17
  4.1060718795396106E-17
 -4.3928527113649960E-17
  4.0341666821727614E-17
 -4.4720179479057552E-17
  3.8734172671642023E-17
 -3.9851607136222818E-17
  2.9012435519470818E-17
 -2.3219462449785342E-17
  6.5362016107735331E-18
  2.6578075796706674E-18
 -1.3724544942145215E-17
  1.5190693546732070E-17
 -1.4267569455310784E-17
  5.4509147444029966E-18
 -1.5804802701028641E-18
 -5.3188362488761045E-18
  1.2572849223096803E-17
 -1.7087921804643797E-17
  2.1548192290129672E-17
 -2.4343563326006724E-17
  2.8235805144508398E-17
 -2.7060721703912650E-17
  2.2620690368561405E-17
 -1.7542199150336410E-17
  7.8470632400225106E-18
  1.2911201614421548E-18
 -1.0514878516468106E-17
  1.5030366206371480E-17
 -1.4940003346611152E-17
  1.3763936725770599E-17
 -1.0365751785961875E-17
  1.5252184194990775E-17
 -1.3464422031987560E-17
  1.4568924365521190E-17
 -1.1622211208161761E-17
  1.1413252539642656E-17
 -1.3169075702749171E-17
  1.9938301774801514E-17
 -2.2670218373968607E-17
  2.5170357477454184E-17
 -2.0786893225258840E-17
  1.6814093894174181E-17
 -1.2867393428655345E-17
  1.0509201771026352E-17
 -1.0893641851725988E-17
  1.6065283293233981E-17
 -1.8664838838843129E-17
  2.3615270390215954E-17
 -2.7239380053915833E-17
  3.1039217740374916E-17
 -2.8209743380145144E-17
  2.3743916918058982E-17
 -1.7652301414403163E-17
  1.5548967753335690E-17
 -1.2351155858322256E-17
  1.2159526605167180E-17
 -6.8808224169189477E-18
  2.7696677022933251E-18
  1.9584384690388773E-18
 -1.2521749304901639E-18
  4.3583997776983866E-18
 -5.0235683836215023E-18
  5.9379790123409567E-18
 -3.5823212149354107E-18
 -5.1138046654286761E-19
  4.6286164299104071E-18
 -1.0420744241828585E-17
  1.1497417610911851E-17
 -1.5947334610300098E-17
  1.5944891075248075E-17
 -1.6293849459393781E-17
  1.4613267042360270E-17
 -1.1749744138258753E-17
  1.1721991567754876E-17
 -1.1022623599065979E-17
  1.1774621718829656E-17
 -9.8747834192810301E-18
  6.0876039089717103E-18
 -3.8852122618522697E-18
  8.5685795737416689E-19
 -2.1444828665821316E-18
 -1.2494484628723866E-18
  1.7087292351033819E-18
 -1.8678190789329200E-18
  2.5734940973744387E-18
 -8.2270427312437055E-19
  2.6219377433201334E-18
 -5.2732563475923750E-18
  3.8666457811569538E-18
 -1.0318370257153475E-18
 -1.8525564430551913E-18
  9.3426077480013827E-18
 -1.1282327758721361E-17
  1.3667638696169980E-17
 -1.5767997213180271E-17
  1.7645799527105909E-17
 -2.1514328245418416E-17
  2.5512772162733975E-17
 -2.6653127347041263E-17
  2.4639103905423501E-17
 -1.8423927515323226E-17
  1.5523645027086982E-17
 -8.8635428171869021E-18
  6.6034952039077925E-18
  3.6369492691739396E-18
 -1.2284453674120642E-17
  2.0745212692578432E-17
 -2.5067209325706208E-17
  2.5597991598343754E-17
 -2.2240973356957070E-17
  1.6863276138154777E-17
 -1.3108756680716015E-17
  8.7315656211348472E-18
 -8.1694020302245812E-18
  6.8135726795708030E-18
 -4.6233250417040524E-18
 -5.4264959732064091E-19
  3.2027108762946754E-18
 -3.9977180059795476E-18
  1.4508215799025832E-18
  1.6476179337831748E-18
 -3.0145507124504069E-18
  4.2445872209918891E-18
 -3.8228175425744164E-18
  5.3943254014759535E-18
 -3.2003876004561113E-18
  9.0385141754756875E-19
  3.8142017550783564E-18
 -4.6292088725378905E-18
  8.8559094578344725E-18
 -1.0416771138437441E-17
  1.2639045233155228E-17
 -1.0876454907933914E-17
  9.5618244376492405E-18
 -9.0799502203776762E-18
  8.7991385104063250E-18
 -7.7322642236921091E-18
  4.3459286325087196E-18
 -1.0819197812590513E-19
 -4.7515419524599778E-18
  8.9133755505587713E-18
 -8.1274613191874356E-18
  9.5080131517250772E-18
 -8.4656450324842585E-18
  9.1190023557291858E-18
 -7.1791910657972003E-18
  7.6455630078128383E-18
 -8.0614633765357648E-18
  8.8346163139686608E-18
 -9.1326613162983280E-18
  1.0061262682946626E-17
 -1.0474033174320402E-17
  1.0528379651988369E-17
 -8.8557073238389043E-18
  1.0797655886370898E-17
 -1.2236310986752091E-17
  1.2009396314698625E-17
 -1.1524314945795110E-17
  9.5107460956237025E-18
 -6.8295654793436689E-18
  7.2543659978990802E-18
 -7.0694009846189486E-18
  5.3285594166746302E-18
 -1.1525329466748314E-18
