                     128
                  0.1800
      0.0000000000000000
  3.2466459998016443E-02
  1.1339468209067029E-02
 -1.0507592820823712E-03
  1.2629445955578760E-04
 -1.7048955889551981E-05
  2.4548513026767973E-06
 -3.6820655137588932E-07
  5.6806629759387190E-08
 -8.9467577820188499E-09
  1.4314450108441512E-09
 -2.3188932430588421E-10
  3.7944876984730709E-11
 -6.2608131724376017E-12
  1.0402457158515372E-12
 -1.7386761370007123E-13
  2.9209542761877069E-14
 -4.9295196057064421E-15
  8.3488705542855459E-16
 -1.4371327345842796E-16
  2.5202845332747046E-17
 -5.3169230791387103E-18
  2.1661987767581345E-18
 -1.4416269883828149E-18
  5.6163560759584930E-20
  1.7799536414751030E-18
 -1.2058575878563151E-18
  6.4464209377561538E-19
 -1.1255077618632096E-18
 -8.1371663165381662E-19
  4.0910293264052983E-19
 -7.8864932311987189E-19
  6.0803834921367487E-19
 -5.2139303816718170E-19
  3.8796527915688988E-19
 -3.3823864041888459E-21
  3.9726353688270460E-19
 -5.6194027402214116E-20
  2.6661891839613470E-19
 -1.3043290206281689E-18
  8.1502738832147361E-19
  1.8933852322128228E-19
 -8.7866731454474794E-19
  9.3481573247526571E-19
 -1.0475856500787233E-18
  8.7867030164815238E-19
 -6.2800218704493708E-19
 -8.3382074043838493E-20
 -6.0027051736895688E-19
  5.9524337740528941E-19
 -4.8017866878793194E-19
 -1.2769696911058612E-19
  5.6719706704808611E-19
 -1.0662789034438146E-19
  8.6786943768528064E-20
 -3.8459590200722240E-19
  9.8869311861424769E-19
 -4.9043294089914233E-19
  1.2159974513047143E-20
  5.6096045793257856E-19
  1.0687722178507862E-20
 -1.5795242523398653E-19
  1.7425367199953939E-19
 -4.9474149298097857E-19
 -4.8408637112617170E-19
  3.7607898397133803E-19
  2.0840952906735794E-19
 -2.6941733360852766E-20
 -9.1058207402471730E-20
  6.0089496436367391E-20
 -3.4211093433190119E-19
  4.4637460503503333E-19
  1.2649673361020144E-19
 -5.4501111120143846E-19
  9.1629774263071298E-20
 -1.3838898865995479E-19
  2.6007410415148618E-19
  2.8656266495541189E-19
  1.0887003192743887E-19
 -5.5026194455898109E-19
  8.2402591062760893E-19
 -3.2961586867879369E-19
  4.4613913817063461E-19
 -2.4529898964485571E-19
 -1.9567680091786735E-21
 -8.7263507136428411E-20
 -2.2466640633775570E-19
  7.1041622692006067E-20
 -1.0561893355764363E-19
  4.2914048508361862E-19
 -3.7092213510760513E-19
 -1.8407195480360594E-19
  5.1935286113264014E-19
 -8.5025695991031241E-19
  5.9820875246496344E-19
 -3.0102878848380571E-19
 -1.9167364986394842E-19
  2.3778964215701995E-19
 -3.8209714457953676E-20
  1.5588332990590309E-19
  2.7881250764012521E-19
 -8.0561934154927969E-20
  6.1887555633139806E-20
 -1.9202971610124392E-19
 -2.5916935091930694E-19
  3.2203112904317043E-20
 -1.5393948095428460E-19
  2.0905366281224744E-19
 -1.3567185600416124E-19
  9.0732033867724089E-20
  3.3889076987079007E-20
  2.9343767075984043E-19
  1.9615234869478790E-20
  8.8221386833787714E-20
  1.5435352656861356E-19
  1.0447144414354735E-19
 -1.1419532792071539E-19
 -5.1114277981696929E-20
  1.8317427955373648E-19
 -2.5640363866211803E-19
 -2.9173293381524384E-20
  1.8101581612069396E-19
  2.2852367232449722E-19
 -3.2794827019166321E-20
 -2.4794575211012507E-19
 -1.5417051007984851E-20
 -5.8246501085281657E-20
 -8.5859542751877640E-20
 -1.3465995282212717E-19
