                     128
                  0.6000
      0.3333333333333334
  4.4545835644416215E-01
  5.0223865856866290E-01
 -2.3743960725308603E-02
  1.8014581023741955E-02
 -1.2005478889108455E-03
  1.1906523173766228E-03
 -9.2140065462701729E-05
  9.2664042943221887E-05
 -7.9836534902351575E-06
  7.9065147963739849E-06
 -7.2344357303369297E-07
  7.1364044715117072E-07
 -6.7614202087970967E-08
  6.6774690831343437E-08
 -6.4823321577229798E-09
  6.4042041923974462E-09
 -6.3442101774785144E-10
  6.2543877667119930E-10
 -6.3104707719965291E-11
  6.1944116397719663E-11
 -6.3563542971900151E-12
  6.2047907879905919E-12
 -6.4655619177971662E-13
  6.2737445215726687E-13
 -6.6280968938985287E-14
  6.3935904174709740E-14
 -6.8432805119137530E-15
  6.5658342199430573E-15
 -7.1208287699021116E-16
  6.7920241508348774E-16
 -7.9492720037762206E-17
  7.8721653257157114E-17
 -1.5332342612864091E-17
  1.5457694564047445E-17
 -5.6690312813395303E-18
  4.3306285207026251E-18
 -3.3410390280717120E-18
  2.0846748219076996E-20
  1.3986152418021895E-18
 -4.8946578112368670E-19
  2.6964458795440128E-18
 -6.3243091633593583E-18
  6.8759433417026857E-18
 -4.8921999585471822E-18
  4.6274080718514524E-18
 -5.6167241031266854E-18
  5.9429245579952092E-18
 -6.8485957860468828E-18
  4.4399546398019182E-18
 -1.0310079018753289E-18
 -7.3795569885906067E-19
  4.8599451786765053E-19
 -7.5979982709887387E-19
  1.1958520295787524E-18
 -1.3873680604773654E-18
  1.3531233644666341E-18
 -5.5102629905816739E-20
 -3.8343986295551262E-19
 -1.2046229947461678E-18
  5.0187019120189853E-19
  6.0519313866284627E-19
 -1.3238244357258381E-18
 -5.0691103288766853E-19
  3.3290394987286252E-18
 -4.9133238457669391E-18
  3.2602194817260640E-18
 -4.7282040638467220E-19
 -2.4730365254064269E-18
  2.4499769538271405E-18
 -1.5249539260507067E-18
  1.2356095646489278E-18
  7.7673863410485528E-19
  2.7993152364978039E-19
 -9.3231870754145105E-19
  1.8153522653288125E-18
 -2.2359659702780329E-18
  1.7409973484683072E-18
 -6.1685638681800908E-19
  4.9694831271572923E-19
  2.0510044155990568E-19
 -6.1394607862339468E-19
  2.4844984997589214E-18
 -3.9460043475158561E-18
  1.3471046591418499E-18
  4.3475868537492595E-19
 -7.6331651536361001E-20
 -1.8623059497142810E-19
 -3.8483691982127461E-19
  1.0154149679725396E-18
 -2.0506012297408799E-19
 -2.2937694921981945E-18
  1.5760123401736883E-18
 -9.8558096856545602E-20
 -1.0268383337822129E-18
  2.2963289265918351E-18
 -6.0303175853773612E-19
  1.1329372895667696E-20
  8.2067909121444538E-19
 -1.9971653615246674E-18
  1.2044312361590337E-18
  1.1352081145875210E-18
 -6.8576799131582460E-20
 -8.4142243681939700E-19
  1.1421011177277842E-18
 -6.8984347737291577E-19
  1.3021443281253507E-18
 -5.3362467095165744E-19
  2.2678137932435239E-19
 -1.2500449985772213E-18
  2.8485995007697353E-19
 -8.0543926064792244E-20
 -5.6787550917766487E-19
  7.8341071345840976E-19
  3.8730543407725906E-19
 -1.4159430317154679E-18
 -5.5084036974199393E-19
  2.5938641760846852E-18
 -2.0642622230594905E-18
  4.7815508944540473E-19
  8.3025322078123401E-19
 -9.7697373086630026E-19
  1.5711024647146798E-18
 -9.2204516465556981E-19
  7.0051171095459349E-19
 -9.4347599041940775E-19
 -1.7084439803031875E-19
  8.8786695744865869E-19
 -3.3545687807191616E-19
