                      32
                  0.0090
      0.0000000000000000
  8.1000001062828174E-05
  1.4578819466404785E-06
 -6.5610000425012430E-09
  3.9365998980425358E-11
 -2.6572149896977609E-13
  1.9042348202913485E-15
 -1.4839463456150736E-17
  3.8506246339780713E-19
 -5.0070225425188927E-18
  6.0942100373858047E-18
  3.2799473801752233E-18
 -1.5372341953689295E-18
 -1.9325163578869625E-18
 -2.8530332932036296E-18
  3.7143578987911987E-18
 -3.4102178148860343E-19
  9.8228394450842749E-19
  4.6093865734157033E-19
  9.3222142761460197E-19
  1.4343927908744495E-18
 -1.4811104340691395E-18
 -9.5053526202649554E-19
 -5.5999880180928942E-19
  2.6086555427778981E-18
 -2.5583265849209272E-18
  2.2318962357720276E-18
 -1.0490204787274485E-18
 -5.4386893203223741E-19
  2.9199059857335094E-19
 -5.7181935233930806E-19
  2.7580786416905082E-18
  3.6280451323233060E-20
