 2.0574546017964674e-02
 3.1546443878059716e-02
 1.3470728701307862e-02
 2.3789717858267757e-03
-1.7109931075765712e-04
-5.2687562580646652e-05
 2.2033774120226157e-05
-4.4419506863159747e-06
-6.9009177655182015e-07
-2.5263714929391075e-06
 4.0819379506747296e-08
-6.0218403961220836e-07
-6.9449637730097728e-09
 1.2659310519411545e-06
-3.4119017268657858e-08
 2.7773416201893359e-06
-5.4330449335908086e-08
 3.8083732624638221e-06
-6.6180286319407435e-08
 4.3057908723757610e-06
-6.9476995863772412e-08
 4.2984449579568640e-06
-6.5345119136033665e-08
 3.8860609066292119e-06
-5.5889999936674354e-08
 3.2136513904747792e-06
-4.3682365999541396e-08
 2.4377344577051570e-06
-3.1175728425472749e-08
 1.6936122983954963e-06
-2.0223928836402277e-08
 1.0726305443098683e-06
-1.1829607141656091e-08
 6.1464455432227047e-07
-6.1667996546794084e-09
 3.1530518231967757e-07
-2.8189104998889186e-09
 1.4273236338827647e-07
-1.1046150210554241e-09
 5.5911060019909380e-08
-3.5921812539647573e-10
 1.8440875902670355e-08
-9.2293365931274801e-11
 4.9196509129249104e-09
-1.7268977473106478e-11
 9.9577332358047410e-10
-2.0115281936180655e-12
 1.3598408329513713e-10
-9.7109477634871901e-14
 9.3992403777065007e-12
