 2.0574542099646619e-02
 3.1554761423115224e-02
 1.3470615429265469e-02
 2.3864706631725012e-03
-1.7128117779262482e-04
-4.6261646416878029e-05
 2.2536532349121632e-05
 1.0046653656837230e-06
-3.0516161821148809e-07
-5.4969547410784582e-08
-4.0316355704816981e-07
-4.2290468846211213e-07
-2.6607328099642223e-07
-7.8164185592641167e-08
 3.3035291189746029e-08
 4.7814977906408803e-08
-3.1698092780324841e-08
-1.7077660098243407e-07
-3.2291829109552708e-07
-3.3955279888595573e-07
-1.0586494037876937e-07
 2.7376768291793268e-08
-2.5732316446391033e-07
-4.8246975175227940e-07
-1.7677411813742151e-07
 3.5917709867206588e-07
 7.5982315974004703e-07
 7.9335814877081111e-07
 3.0227506372380105e-07
-4.0053296051337962e-07
-9.5047391172434124e-07
-9.6436459597254632e-07
-1.7407749479077971e-07
 6.3457506870130126e-07
 6.8399336140503653e-07
 4.7003360545469410e-07
 5.3679912370456824e-07
 4.8854334438377058e-07
-6.3871958944803801e-08
-6.1016436714428213e-07
-6.3889927588439478e-07
-4.6866918804065090e-07
-4.5015426600157814e-07
-3.2903492543837243e-07
 1.3549262209930822e-07
 3.9867824873795889e-07
-3.1086545030193247e-08
-2.9852318383222333e-07
 4.0338898678541685e-07
 4.9572558950971155e-07
