    0.0100000000000000 1.9889268809947121e-08 2.0312347346129153e-06 1.9993951882468848e-04
    0.0105033787761676 2.4186126362776353e-08 2.3509919877734642e-06 2.2053293105010250e-04
    0.0120114466133047 4.1294118843307137e-08 3.5080068424819327e-06 2.8828695993537393e-04
    0.0145180065371890 8.8048865949351440e-08 6.1871244273775338e-06 4.2101663551651026e-04
    0.0180127585554378 2.0885232447085440e-07 1.1835530485500074e-05 6.4805423096564582e-04
    0.0224813419823862 5.0843934494352956e-07 2.3122357195441709e-05 1.0096929092285965e-03
    0.0279053944502247 1.2027836086620971e-06 4.4034366284678172e-05 1.5536074344758850e-03
    0.0342626273639073 2.7388059774636395e-06 8.1787660873389211e-05 2.3407787340495954e-03
    0.0415269174897696 5.8736072113129795e-06 1.4454339179374251e-04 3.4299172157024171e-03
    0.0496684143014991 1.2029686863387564e-05 2.4795354779945470e-04 4.8986304462635168e-03
    0.0586536626423507 2.3328993676388305e-05 4.0755148962136643e-04 6.8115730263110181e-03
    0.0684457401995621 4.2928904098984608e-05 6.4237550313699890e-04 9.2343282084506022e-03
    0.0790044092260568 7.5934106202984363e-05 9.8611079628619703e-04 1.2248119521203492e-02
    0.0902862818859775 1.2878302536690084e-04 1.4657717583195264e-03 1.5903866311831803e-02
    0.1022449985446103 2.0993698180498625e-04 2.1122001349944772e-03 2.0246600767641725e-02
    0.1148314182700684 3.3124762844315245e-04 2.9735038410891247e-03 2.5324633637723495e-02
    0.1279938207639214 5.0653323252612952e-04 4.0894018294286268e-03 3.1154675725657676e-02
    0.1416781188909954 7.5186756526229848e-04 5.4973513081665011e-03 3.7733751845543048e-02
    0.1558280809350135 1.0851465426481731e-03 7.2298009084393296e-03 4.5038234250940702e-02
    0.1703855616667796 1.5296043717511385e-03 9.3484827206941692e-03 5.3038943864792083e-02
    0.1852907412753971 2.1050214417768550e-03 1.1863928553056168e-02 6.1659253671256027e-02
    0.2004823711807030 2.8352534124700636e-03 1.4812753668289592e-02 7.0816396143776772e-02
    0.2158980257168220 3.7413230787162778e-03 1.8202744264529325e-02 8.0400852944135737e-02
    0.2314743586526180 4.8463478520327594e-03 2.2058174088388720e-02 9.0288331331871238e-02
    0.2471473634949445 6.1621540167952427e-03 2.6330995656175013e-02 1.0034148643025821e-01
    0.2628526365050556 7.7171576711551745e-03 3.1096560027240625e-02 1.1039966128427672e-01
    0.2785256413473821 9.5023537440657654e-03 3.6203291085766982e-02 1.2033291952551116e-01
    0.2941019742831779 1.1538899335100850e-02 4.1714541792936960e-02 1.2996447344647993e-01
    0.3095176288192971 1.3816677500011884e-02 4.7524154015799694e-02 1.3916854250576527e-01
    0.3247092587246029 1.6333655864027699e-02 5.3602888475164298e-02 1.4780065122590172e-01
    0.3396144383332204 1.9073497491422023e-02 5.9867209054976299e-02 1.5575718439383182e-01
    0.3541719190649865 2.2023290206802465e-02 6.6281453285385206e-02 1.6291984279637092e-01
    0.3683218811090047 2.5143245417774587e-02 7.2692470411811233e-02 1.6928899191556079e-01
    0.3820061792360787 2.8420349878028845e-02 7.9119822290577069e-02 1.7474473151986075e-01
    0.3951685817299316 3.1815503187744607e-02 8.5468653998535343e-02 1.7928927336827472e-01
    0.4077550014553897 3.5284415275350783e-02 9.1642048243034249e-02 1.8296794721977674e-01
    0.4197137181140227 3.8778672722414205e-02 9.7543284887125117e-02 1.8586887374930181e-01
    0.4309955907739432 4.2273127489701690e-02 1.0321647700285032e-01 1.8792215272747501e-01
    0.4415542598004379 4.5715329598032102e-02 1.0857738400419917e-01 1.8924441826274821e-01
    0.4513463373576494 4.9038018578069963e-02 1.1347259412590953e-01 1.9010309390112204e-01
    0.4603315856985010 5.2226829633189552e-02 1.1803747940810244e-01 1.9033615672179985e-01
    0.4684730825102303 5.5228203271739155e-02 1.2220074408395971e-01 1.9010971055230078e-01
    0.4757373726360927 5.7976878663971831e-02 1.2581970443135906e-01 1.8974927578962542e-01
    0.4820946055497753 6.0462636412436752e-02 1.2904641887741983e-01 1.8905900065367354e-01
    0.4875186580176138 6.2625732625716260e-02 1.3174274510267103e-01 1.8837314389250381e-01
    0.4919872414445622 6.4449316066091555e-02 1.3399178064494430e-01 1.8760757904406863e-01
    0.4954819934628110 6.5895133119032709e-02 1.3572916172787974e-01 1.8695657110277675e-01
    0.4979885533866953 6.6942854537249533e-02 1.3696331258514924e-01 1.8646195146629038e-01
    0.4994966212238324 6.7577567584979112e-02 1.3770093077941184e-01 1.8615338537171783e-01
    0.5000000000000000 6.7790160411854691e-02 1.3794631086877587e-01 1.8604856989186311e-01
