0.0100 1.9889268809947121e-08 2.0312347346129153e-06 1.9993951882468848e-04
0.0200 3.1791357796269442e-07 1.6237613797775123e-05 7.9903243041032715e-04
0.0300 1.6067884406279976e-06 5.4733042052838329e-05 1.7951027736598541e-03
0.0400 5.0665662521888035e-06 1.2950932104554438e-04 3.1845272139908146e-03
0.0500 1.2333064605054967e-05 2.5237603367383711e-04 4.9622400220401984e-03
0.0600 2.5481939439004929e-05 4.3490154295099175e-04 7.1217401968375390e-03
0.0700 4.7008668934636268e-05 6.8835546119648213e-04 9.6551008814595544e-03
0.0800 7.9804778881804563e-05 1.0236529328134945e-03 1.2552981253622664e-02
0.0900 1.2713069787306924e-04 1.4513010577098097e-03 1.5804641103632625e-02
0.1000 1.9258567903318409e-04 1.9813477633574888e-03 1.9397958335542882e-02
0.1100 2.8007526384537959e-04 2.6233334116025101e-03 2.3319449644401337e-02
0.1200 3.9377679184528458e-04 3.3862454017259945e-03 2.7554294632385120e-02
0.1300 5.3810347742552821e-04 4.2784760042576800e-03 3.2086363629250061e-02
0.1400 7.1766758181517976e-04 5.3077836310365849e-03 3.6898249477737163e-02
0.1500 9.3724320432383946e-04 6.4812577160132121e-03 4.1971303532692177e-02
0.1600 1.2017292032930266e-03 7.8052873491222443e-03 4.7285676103823789e-02
0.1700 1.5161127341439139e-03 9.2855337721610230e-03 5.2820361546771083e-02
0.1800 1.8854338608281290e-03 1.0926906811793872e-02 5.8553248176073554e-02
0.1900 2.3147516588746921e-03 1.2733545290734940e-02 6.4461173137445191e-02
0.2000 2.8091121844755081e-03 1.4708801424457497e-02 7.0519982336118059e-02
0.2100 3.3735186359286073e-03 1.6855229177699681e-02 7.6704595473966644e-02
0.2200 4.0129039828184438e-03 1.9174576523115019e-02 8.2989076201395395e-02
0.2300 4.7321062857893113e-03 2.1667781513879217e-02 8.9346707341553991e-02
0.2400 5.5358468770908059e-03 2.4334972053342400e-02 9.5750071095266245e-02
0.2500 6.4287115203845854e-03 2.7175469218042907e-02 1.0217113408609280e-01
0.2600 7.4151346187544386e-03 3.0187793965919189e-02 1.0858133705703635e-01
0.2700 8.4993864933719191e-03 3.3369677039446322e-02 1.1495168898453061e-01
0.2800 9.6855637126010766e-03 3.6718071853809292e-02 1.2125286533234578e-01
0.2900 1.0977582413108710e-02 4.0229170143261918e-02 1.2745531012864261e-01
0.3000 1.2379174521196050e-02 4.3898420124414396e-02 1.3352934151444201e-01
0.3100 1.3893886754313637e-02 4.7720546923491425e-02 1.3944526038174934e-01
0.3200 1.5525082259714718e-02 5.1689575005470320e-02 1.4517346169507839e-01
0.3300 1.7275944729329855e-02 5.5798852336472762e-02 1.5068454807151918e-01
0.3400 1.9149484817092548e-02 6.0041076006739739e-02 1.5594944518201176e-01
0.3500 2.1148548676808564e-02 6.4408319039886225e-02 1.6093951853027300e-01
0.3600 2.3275828434884134e-02 6.8892058114823365e-02 1.6562669116575704e-01
0.3700 2.5533874412407603e-02 7.3483201929577677e-02 1.6998356189296132e-01
0.3800 2.7925108914770506e-02 7.8172119941136875e-02 1.7398352355092223e-01
0.3900 3.0451841413744008e-02 8.2948671222185716e-02 1.7760088095342644e-01
0.4000 3.3116284956214208e-02 8.7802233183999254e-02 1.8081096810164096e-01
0.4100 3.5920573645253154e-02 9.2721729924603064e-02 1.8359026430595807e-01
0.4200 3.8866781052305996e-02 9.7695659972349483e-02 1.8591650888191469e-01
0.4300 4.1956939433822699e-02 1.0271212320702822e-01 1.8776881411556504e-01
0.4400 4.5193059641093047e-02 1.0775884675326557e-01 1.8912777622555776e-01
0.4500 4.8577151628268811e-02 1.1282320965395835e-01 1.8997558408190762e-01
0.4600 5.2111245480190194e-02 1.1789226614455539e-01 1.9029612547416480e-01
0.4700 5.5797412898520152e-02 1.2295276736182340e-01 1.9007509075375045e-01
0.4800 5.9637789101674957e-02 1.2799118133308313e-01 1.8930007370619081e-01
0.4900 6.3634595110933667e-02 1.3299371110340463e-01 1.8796066953819873e-01
0.5000 6.7790160411854691e-02 1.3794631086877587e-01 1.8604856989186311e-01
