                     128
                  0.5000
      0.2679491924311228
  2.7814117251563525e-01
  2.5848253288830186e-01
 -8.6352215430026882e-03
  5.7148121160620772e-03
 -3.0278653149100196e-04
  2.4897976881467043e-04
 -1.3922400331938867e-05
  1.2737560948079745e-05
 -7.6808280663967599e-07
  7.0281480758648752e-07
 -4.6021362846028646e-08
  4.0777757248835140e-08
 -2.8510254999414063e-09
  2.4544400915916732e-09
 -1.7946416166378557e-10
  1.5182010113024321e-10
 -1.1420172382978917e-11
  9.5846657424917585e-12
 -7.3345617313895671e-13
  6.1463044811762201e-13
 -4.8189452932499973e-14
  4.0010798677356987e-14
 -2.9797982779888294e-15
  2.6331897294620621e-15
 -7.9263585565036390e-18
 -4.7190478926465814e-17
 -4.7856914223365370e-18
  6.9850399660999715e-17
 -4.1505155709397608e-17
  2.5641676790924420e-16
 -7.1991511213643113e-17
  9.3633495463489769e-18
 -1.3667594374006728e-16
 -4.8876501695401671e-17
  6.8787630282133452e-17
  4.3047569396828494e-17
 -1.2543691895506507e-16
  9.5734129252037318e-17
  3.1781879909794103e-17
 -9.2987266908753541e-17
  1.4998713953145806e-16
 -1.3180121509353373e-16
 -2.4774278662812751e-17
  9.8134137253986946e-17
  3.5754388442493379e-18
 -9.7020376390428954e-17
 -7.3897880779450056e-17
  1.6108493149192032e-16
 -1.6619006549845718e-16
  8.6999484496157032e-17
 -4.4146159829256223e-17
  1.2060715820518517e-16
 -9.0568765805569409e-17
 -1.9179332960882685e-17
  3.3065387082354954e-17
  2.4908075032494952e-17
 -1.0827355166801388e-16
 -1.0650992445115342e-16
  8.3192651293122088e-17
  2.1012734363443899e-17
  1.4571969365718163e-17
 -2.7552676180215328e-17
  9.4547241791722056e-17
 -2.5322311135043603e-17
  1.4151653586035597e-18
  9.4979793717684367e-17
 -1.4812724450146200e-16
 -5.2608062731223646e-18
  9.3689418231220275e-17
 -2.7359483249668135e-17
 -2.0121758339113020e-17
  1.6301636542087770e-18
  4.4289770547414068e-17
  4.2723625788223673e-17
  8.8620435566827493e-17
 -1.2997971075533574e-16
 -2.0582883555104522e-17
  5.0799598190395712e-17
  1.0706866183805205e-16
 -7.9010537660809274e-17
  1.3510881042656722e-17
  3.0806418271035465e-18
  2.0710419870911806e-17
 -5.2996188060982034e-17
 -6.9047775103531894e-17
  2.3881033714032594e-17
  1.1592240621236727e-16
 -1.4361845193521152e-17
  6.2734966406991040e-18
 -6.2218906043687288e-17
  2.8639770088438851e-17
  6.7210278767266499e-17
 -5.7408797164450224e-17
 -3.4793243583469419e-17
 -2.5931674139421091e-17
  2.5290952380792358e-17
 -4.4150266947447200e-17
  9.3438767317084476e-17
 -5.4251413398987254e-17
 -1.6470161275557338e-17
 -3.6605532850068892e-17
  6.5521785367862408e-17
  3.0101706303167376e-17
 -4.3096370373025612e-17
  5.5091298692143202e-17
 -6.0785496369696005e-17
 -2.4973462004558923e-17
  9.9916068330686875e-18
  1.1343199220888744e-17
  5.6990103817993052e-17
 -1.3096185853924627e-17
 -6.2807022788536203e-17
 -2.0873605881250937e-17
 -1.2034886844581058e-17
  2.0909168553868008e-17
  2.0333090773447660e-17
  3.1922420463262010e-17
 -3.6447234857909324e-17
 -2.7541435852075670e-17
  2.0661516642011951e-17
 -1.3634782241295939e-18
  3.2822732178823477e-17
 -5.5729300306126101e-17
  1.2162415344162011e-17
 -2.1714997226873083e-18
  3.4661861939148803e-17
 -1.7064778492907522e-17
  1.2665436416846547e-17
