                     128
                  0.8000
      0.5000000000000001
  1.2728473797578919e+00
  2.1215516407028243e+00
 -1.5981261689728446e-01
  1.8689920195305865e-01
 -2.1620921472783369e-02
  2.6813177921644560e-02
 -3.5022769644866996e-03
  4.6636238087911577e-03
 -6.5097524127222066e-04
  8.9003074243509939e-04
 -1.2965875957501156e-04
  1.7949280820167226e-04
 -2.6951730807561527e-05
  3.7546908603594289e-05
 -5.7710989840314921e-06
  8.0616440419777564e-06
 -1.2631066869094412e-06
  1.7650911308282168e-06
 -2.8113594156233155e-07
  3.9239177864313044e-07
 -6.3408729071425092e-08
  8.8298918170276845e-08
 -1.4455050116770373e-08
  2.0067880281329188e-08
 -3.3241814286424171e-09
  4.5985812071040695e-09
 -7.7000128213554816e-10
  1.0610952076619849e-09
 -1.7944250207840536e-10
  2.4628913288682651e-10
 -4.2031668995311912e-11
  5.7456391527054502e-11
 -9.8881817228900389e-12
  1.3463041869867080e-11
 -2.3349464397308219e-12
  3.1667978061277477e-12
 -5.5314246895034191e-13
  7.4742541606790166e-13
 -1.3139575535928973e-13
  1.7693652247532228e-13
 -3.1304031779680688e-14
  4.2021373578542478e-14
 -7.4918457194862847e-15
  1.0015201795923372e-14
 -1.8030031854533463e-15
  2.4002191568036740e-15
 -4.3277681703789641e-16
  5.6571161113946696e-16
 -9.3639332030337659e-17
  1.1809068356605695e-16
 -2.5062283805868944e-18
  4.2274610069582021e-18
  2.5022589163330266e-17
 -1.8777813371629652e-17
  1.8361232559184232e-17
 -8.9858379460185382e-18
  5.9416561014430470e-18
 -1.2581141525439749e-18
  2.4926500236974636e-18
 -4.0244862890716842e-18
  8.2017608820728023e-18
 -7.6596538841821570e-18
  5.4171095933624426e-18
 -7.3429273808225453e-18
  9.5681278109853550e-18
 -1.9044254030482486e-17
  1.9778153268440092e-17
 -1.7698626660321585e-17
  1.6704902934082507e-17
 -2.1735816059522433e-17
  2.1501201056269601e-17
 -1.8918670476778225e-17
  9.1023562461663921e-18
 -4.1755606287150531e-19
 -1.4279793020269885e-18
  2.6282895418407462e-18
 -7.3940864786877804e-18
  6.4217027433934703e-18
 -5.0840132786871072e-18
  1.7641214639786197e-18
  1.5707797393520753e-18
 -2.1366575929300644e-18
  1.6607963188444493e-18
  5.5678620614302160e-19
 -5.0397217668226460e-18
  4.1733998693579346e-18
 -3.1734651849770133e-18
  6.6684246748544665e-18
 -6.6171430658083335e-18
  7.1417598210311583e-18
 -7.3833983608250502e-18
  9.8511791707838668e-18
 -1.2852287457672272e-17
  1.0083563719266677e-17
 -8.6411860159501579e-18
  8.1447410328257097e-18
 -1.0468654806536395e-17
  1.1812584127676839e-17
 -1.3932337107670072e-17
  1.3032651523312154e-17
 -1.1815360441300929e-17
  7.8155137845651396e-18
 -3.9736946920193041e-18
  2.4878679958595810e-18
 -1.2129798692440664e-18
  4.0945143373935306e-19
  2.5314738902519695e-18
 -4.5206535484716798e-18
  3.2054421562190905e-18
 -8.0961557407634400e-19
  3.5831324481227113e-19
 -1.9078630425596529e-18
  2.7416208155262038e-18
 -2.2061958990754087e-18
 -1.9791523669126960e-19
  3.3300793710664263e-18
 -7.2328986298955247e-18
  1.0271449227370896e-17
 -7.9705831295105123e-18
  8.2368359487070900e-18
 -8.0955918029276742e-18
  7.8305948665703531e-18
 -3.5418059399961281e-18
 -6.1442356977212055e-19
  2.2922811586259132e-18
 -2.7246800093702065e-18
  5.8304426862649073e-19
  1.5650154354810525e-18
