                     128
                  0.3000
      0.1535359952768478
  9.1375224951321138e-02
  5.2222603155889884e-02
 -5.4470203548798819e-04
  3.7090211211005355e-04
 -9.2712778988109135e-06
  5.0353423045759350e-06
 -1.5891670912366657e-07
  8.4211929850650619e-08
 -2.7739300418735388e-09
  1.5576820935330951e-09
 -4.9642434333344376e-11
  3.0455993796257594e-11
 -9.1539858532391875e-13
  6.1551779092667356e-13
 -1.7415334578494248e-14
  1.2690986713578118e-14
 -3.4797824782510664e-16
  2.5164493713434856e-16
  5.5222979243804636e-19
  1.2495071862171057e-17
  5.0096364031781736e-18
  8.1231950681118662e-18
 -6.3822930152238898e-18
  5.8169323933790628e-18
 -1.2366205278585178e-17
  9.5593932468128563e-18
 -7.7680650517319987e-18
  3.3282105523086602e-18
  4.7099892035842069e-18
  8.1804102123195381e-19
 -1.4225163619244451e-18
 -5.3578607869433254e-18
 -4.5660577236707744e-18
 -7.9676505713652862e-19
  4.2753490201805132e-18
 -1.8006468063637089e-18
  3.9462582435170605e-18
  3.0655103659670578e-18
  4.8997035181111764e-18
  1.5002032578512640e-18
 -3.8813268016748204e-18
 -6.2427686758095777e-18
  7.9282632845916195e-19
  1.7547627227751176e-18
 -1.2416080774399732e-19
  7.4497533014694643e-19
 -2.8909599690089666e-19
 -1.5789952460399000e-19
 -4.8730451376937603e-18
 -9.4522528100430182e-19
 -6.8532546024242688e-19
 -2.4562352076884710e-18
  3.8079308424757723e-18
  3.1101098076159010e-20
  1.4262334920083591e-18
 -4.6078194266413869e-18
  8.8116675145808462e-19
 -7.8195983065486166e-19
  2.5777124602186835e-18
 -1.9520868900566736e-18
  4.0623474216592907e-18
 -3.9037381329769040e-18
  2.4538569003023844e-19
 -5.2715106317875653e-19
  2.5538006291458763e-19
 -5.5819196431619579e-19
 -6.2462761877716274e-19
 -9.3979637376143776e-19
  2.2644000099398031e-18
  7.9217866360588757e-19
 -4.8604923018461812e-19
 -1.5321251820559419e-18
 -1.7725530941707843e-18
 -7.2422029913030581e-19
 -2.9365184806521609e-19
  8.6838365480031273e-19
  2.2142095500188714e-19
  5.1973272114365087e-19
 -2.5794990106716176e-18
  3.2533707414925573e-18
  1.0570862473734812e-18
 -1.2994593881842719e-18
 -3.4134592824244695e-19
  3.0099676403865047e-18
  2.7886331198348756e-20
  1.2255569311987798e-18
 -1.3717124956458309e-18
 -2.2598506630645981e-18
  1.5410829212341946e-18
 -2.6992193764689251e-18
  8.9396012425188141e-19
  1.6636149480876782e-18
 -6.7908049897898827e-19
  1.3323483249815990e-18
  1.3322312339683314e-18
  4.9618204780797380e-19
 -1.0118135829613258e-18
  2.1681347549361535e-18
 -5.1734452584168443e-19
  8.3220648494314286e-19
 -5.7320249479484200e-19
  1.4630099617856830e-18
 -2.0007833081689564e-18
  2.4532693502875254e-18
 -3.3696633573130828e-19
 -3.1429965301658641e-19
 -7.7882428658200406e-19
 -1.4225740981665822e-18
  2.1540743919060796e-18
  3.9204057432744071e-20
  4.3629592130901405e-19
 -2.1379105965824226e-18
  2.7241544497373865e-18
 -2.7069535479273182e-18
  2.8895938369575258e-18
 -9.7032844258159200e-19
 -1.5107481594543503e-18
  1.3634505202244376e-18
 -1.1757292191363015e-18
  6.1339782321840465e-19
 -1.4676191971561278e-18
  5.5547064398125577e-19
  1.0105443270175268e-18
 -1.5604408753909488e-19
  2.3885724797825659e-18
 -2.5443523220888343e-18
  1.8525633898782445e-19
 -1.1838894352493787e-18
