                     128
                  0.5500
      0.2997006283190849
  3.5249432766389904e-01
  3.6140624508125735e-01
 -1.4543906694845629e-02
  1.0223000301353209e-02
 -6.0591552018650374e-04
  5.5357171336835559e-04
 -3.6332962500396669e-05
  3.5035313385987332e-05
 -2.5583922423730642e-06
  2.4117077516344065e-06
 -1.9030210334617621e-07
  1.7549563964588532e-07
 -1.4518086644835453e-08
  1.3262338599743104e-08
 -1.1282954419336818e-09
  1.0289288092813082e-09
 -8.9130000837959610e-11
  8.1351881189739958e-11
 -7.1437453066292971e-12
  6.5235111785830029e-12
 -5.7975964136481616e-13
  5.2927688874926736e-13
 -4.8009686107116338e-14
  4.3702199491299133e-14
 -4.3596025052157073e-15
  3.9790523354735313e-15
 -7.1935221281618032e-16
  8.5792015491433791e-16
 -4.7600134997984026e-16
  1.5149939687891867e-16
 -2.1545921212254061e-16
  2.3224806757585897e-16
 -2.3245133751756183e-16
  5.9255145540797625e-16
 -4.2314442900502867e-16
  8.2017899879705894e-17
  1.1054801633370086e-16
 -2.6468179269683920e-16
 -6.8472148338405427e-17
  5.9567602185274808e-17
  4.4026228774648093e-16
 -7.5707117632166316e-16
  2.0210043276567434e-16
  3.3562206067820358e-16
 -9.3246189318121632e-17
  1.5131679383145565e-16
  3.2922147347824549e-17
  9.1808128832704127e-17
 -5.8544487228228998e-16
  5.8718706285649583e-16
 -2.5012023246153412e-16
  1.6304592587973068e-16
 -3.2588752148658541e-16
 -1.2134479037608750e-16
  1.8525435226234698e-16
  5.9071691145751127e-17
 -8.1433396913028325e-17
  4.5312435077055436e-17
  3.8612764610983052e-17
  9.2421489435624216e-17
 -2.1037034096262432e-16
  1.7313002449272271e-16
 -5.2206741369463231e-17
 -2.6840470716825453e-17
  6.4072129008949987e-17
  4.7681993540110790e-19
  5.0749716637087083e-17
  1.8400299826695235e-16
 -1.1961893415960158e-16
 -5.1044949797654055e-17
 -7.4138136406621428e-17
  2.2243502561444754e-16
 -1.2441485821177923e-16
 -8.5374156936874488e-17
  2.6349325640154084e-16
 -3.4533898700818959e-16
  7.5806568980085453e-17
  7.6045949482142854e-17
  3.3497105628345047e-17
  1.5002969636821914e-16
 -3.2828785462625353e-16
  1.3257706586620479e-16
  1.0672915016219869e-16
 -1.7579584016450489e-16
  1.1962314059972873e-16
 -7.2087326158822906e-17
  3.3017836356088940e-16
 -1.8843694980122847e-16
 -8.1863475351750986e-17
 -6.2238206982768289e-17
  1.7051989642512089e-16
  1.5617015939711020e-16
 -1.0501689134246933e-16
 -8.2085412590921896e-17
  2.4460376534651917e-17
  7.9043806224803490e-17
 -8.7110437060110126e-17
  1.1372476485069677e-17
 -1.5739223030718280e-17
  1.0708183146190660e-16
  2.5008582525655181e-17
 -1.8511984927434595e-16
  1.7472019097765876e-16
 -1.4678565058308275e-16
  1.9523168192359818e-16
 -3.2415771481007281e-17
 -2.5788926720951506e-17
 -1.3226381761188573e-16
  1.2964045239690829e-16
 -9.8667061848153802e-17
  4.6271055911866870e-17
  1.4503684947610826e-16
 -1.1820872003971859e-16
  8.4270063594974115e-17
 -3.2814436605596827e-17
 -5.1720700315903937e-18
 -1.2960001689635730e-16
  1.0826571732120711e-16
 -5.3987921029673610e-17
 -1.2093796764428337e-16
  1.2896626066130691e-16
  7.4292030429372553e-17
 -2.8236419237985308e-17
  4.7329734720527851e-18
 -1.6295770904790978e-17
  5.7655996399936391e-17
 -3.0726968629863152e-17
  5.7256026960404145e-18
