                     128
                  0.7500
      0.4514162296451364
  9.4389877226206220e-01
  1.4175129728239630e+00
 -9.7249410536810743e-02
  1.0001431437117861e-01
 -1.0020478793511815e-02
  1.1689016769089880e-02
 -1.3636437048303160e-03
  1.6675153648678550e-03
 -2.0863639431936931e-04
  2.6041788058104204e-04
 -3.4133898837125911e-05
  4.2912336646558827e-05
 -5.8167425320653175e-06
  7.3295322560514623e-06
 -1.0190215824942878e-06
  1.2843714032443828e-06
 -1.8219253693336687e-07
  2.2941615368964779e-07
 -3.3090913764326622e-08
  4.1592804923810089e-08
 -6.0858202880257546e-09
  7.6309927856413622e-09
 -1.1306855771245933e-09
  1.4137593509901177e-09
 -2.1184202429908157e-10
  2.6405708030995025e-10
 -3.9970843667666568e-11
  4.9659739096441793e-11
 -7.5871206553250997e-12
  9.3943389733288972e-12
 -1.4475900557040377e-12
  1.7862266746654873e-12
 -2.7742404289354591e-13
  3.4114030142930274e-13
 -5.3366175091661489e-14
  6.5402296119069486e-14
 -1.0306829383106584e-14
  1.2589766276965168e-14
 -1.9940205726374522e-15
  2.4222289534490025e-15
 -3.7532927266494634e-16
  4.5416971517371831e-16
 -6.0430962408021483e-17
  8.2253409565679497e-17
 -1.5324881911257259e-17
  2.0166697987181457e-17
 -7.8048952603364787e-18
  7.2051474833408934e-18
 -3.9854060005386446e-18
  1.7676497269551802e-18
 -1.8248165171503277e-18
 -1.1100995280139832e-18
  4.9018826834154823e-18
 -4.3316581915845301e-18
  3.9634899633411723e-18
 -5.1648465043358400e-18
  7.6962859715851365e-18
 -7.5820060520569022e-18
  5.8887679202344952e-18
  1.4909801886416608e-18
 -6.9785899741029039e-18
  8.5676117929984959e-18
 -8.3320618051585970e-18
  9.6018771424236058e-18
 -7.0284487368261423e-18
 -4.7781627622228734e-19
  3.7455796003292616e-19
 -2.4284975661978509e-18
  6.1863994547015414e-18
 -1.1543354308335015e-17
  1.2766499078155633e-17
 -1.2659473406349302e-17
  9.6328178558125620e-18
 -6.9807577959469162e-18
  3.3543788594463112e-18
  2.8526894606596900e-18
 -7.2923072105891648e-18
  9.0297088583929633e-18
 -6.6724426002568471e-18
  5.0326355198817439e-18
 -2.0393186410782810e-18
  7.6615692816391241e-19
 -8.2294406054805636e-19
 -6.9046592447667786e-19
  3.0783343539477152e-18
 -3.0553692378883226e-18
  1.6520717185247644e-18
  5.4170073402905183e-19
  9.9921325015974446e-19
 -3.0833814601123383e-18
  3.9020959688982335e-18
 -1.8694515650584918e-18
 -3.8775491055587630e-18
  5.1820059668123960e-18
 -3.3617198415184410e-18
  3.8321510791091729e-18
 -8.5067777933387190e-18
  1.1069382824945329e-17
 -1.0687495869119455e-17
  7.9739305100160207e-18
 -7.8643534259733110e-18
  8.6115259177589800e-18
 -7.9425495989580265e-18
  6.3939107601481209e-18
 -4.4339599503270380e-18
  1.2284962678277603e-18
  6.0865797523709321e-19
 -3.9577456380920153e-18
  3.5706029910490189e-18
 -1.5688064665326173e-18
 -1.1892111151078121e-18
  2.2191508674748582e-18
 -3.4030798143777909e-18
  1.0047046522714515e-18
  4.8644125111318514e-18
 -8.5060213772712101e-18
  8.4479065427925797e-18
 -5.3713893728110814e-18
  4.6345712426829243e-18
 -3.7172482123304439e-18
  2.8212911056673993e-18
  7.4276698076305785e-19
 -2.1753564019955654e-18
  3.5035386199749280e-18
 -4.3162169385187152e-18
  4.1287298633603790e-18
 -3.7661721729909833e-18
  9.9963205032116466e-19
