                     128
                  0.3500
      0.1807151435435436
  1.2591344466775733e-01
  8.3107001601624056e-02
 -1.2659360572473684e-03
  8.1118508446569460e-04
 -2.6870547640791641e-05
  1.5520004108176385e-05
 -5.8903885556176222e-07
  3.6516333743306471e-07
 -1.3603414887764956e-08
  9.4127497607794274e-09
 -3.3410964465782414e-10
  2.5433181763371501e-10
 -8.7293284434325852e-12
  7.0667952639106174e-12
 -2.4078175691092444e-13
  2.0010906136279148e-13
 -6.9055684516217404e-15
  5.7262466456049247e-15
 -2.0399446720551425e-16
  1.4416838798152270e-16
  1.2971739757633111e-17
 -3.3512473122419907e-17
  1.9153932030824984e-17
  3.6410177167249498e-18
  1.1314476310479957e-17
  9.0690059595997400e-18
 -1.6176588222593850e-17
  2.1702267368892425e-17
 -2.9561644866206164e-18
 -7.5843502020202004e-18
 -1.0509860890325253e-17
 -1.2656243192835213e-17
 -7.7722561761562237e-18
  1.7232353063819849e-17
 -4.9586497006164714e-18
  8.7931656078048171e-19
 -4.9448482633096535e-18
  1.5976720431760647e-20
  1.0129701724113967e-17
  2.2820708249537880e-18
  3.7030649252931776e-18
  2.2795359656420648e-18
  8.0211460940493687e-19
  2.9829764521037556e-18
  5.2454143304683816e-18
 -1.1652906511643243e-17
 -1.2235931166451860e-17
  9.9365247046245968e-18
 -3.7015106114549281e-18
  6.8890431362125477e-18
  4.8395225225472056e-18
 -9.0592038431965585e-18
  1.9045623730050874e-18
 -9.1291250652462636e-18
  1.8186984457087146e-17
 -1.1919423405408113e-17
  6.4297199928407314e-18
 -1.0493084664813135e-17
 -1.0276238180942493e-18
 -3.4435414186362414e-18
  6.8633917962667096e-18
  2.1328971610388621e-18
 -3.0039582882682013e-18
 -2.7981345975376680e-18
  1.6181779584908367e-18
  5.4606954033025415e-19
 -3.4918027979934439e-18
  5.0786439878629838e-18
 -6.2479059687535699e-19
  4.9517838745280895e-18
 -6.9764192127154565e-19
 -8.5295525106786565e-18
 -4.5369282028380214e-19
  2.7863605355387917e-18
  2.5447176135215971e-18
  1.7698423729867441e-18
 -4.7911740585067472e-18
  7.8746169963890530e-19
  4.0512696275262136e-18
  7.1406410576860026e-19
  2.6992662221908372e-18
 -1.7438276013043399e-18
 -3.5560842889652693e-18
  5.3029250765894929e-18
 -4.1328808068664623e-18
 -1.5949045075646206e-18
  3.1743915591185067e-18
  5.1741717849564398e-18
 -2.7752016696729110e-18
 -3.0260101455695880e-18
  5.2451411765835985e-18
 -6.8745671648883546e-19
 -2.0965429971622364e-18
 -6.5207826431839859e-18
  9.7086388468916065e-19
  7.0700304846445157e-18
 -4.5346029130133100e-18
  3.6001623440239267e-18
  4.5355357169908312e-20
  8.3123381035617228e-19
 -4.0141041567415054e-18
 -3.9242770828494576e-18
 -2.9668217760017106e-18
  2.6118325221097225e-18
  1.7823613493806675e-18
  2.8340196999221973e-18
  1.8402554425801554e-19
  1.4204628899602214e-18
 -2.6792905705667789e-18
 -3.3232398857149904e-18
  2.0324273504727094e-18
 -3.8480719807979871e-18
  2.9457635986143896e-18
  5.8613681787885900e-19
  3.6385094890607752e-18
 -1.3593021128153470e-19
 -2.2238663613514231e-18
 -3.4689676738513590e-19
  2.8478241015986920e-18
  1.2135530272655821e-18
  4.9270639726873471e-19
 -3.9221622384652737e-18
  2.5968463096268982e-18
  3.1200268381586520e-19
  2.0593708509347852e-19
 -1.1116334023604711e-18
 -5.4388358927757363e-19
  2.1112267056128526e-18
