                     128
                  0.1500
      0.0754266889049367
  2.2522410885684629e-02
  6.6525407793044987e-03
 -1.0486684604398796e-05
  1.2129077322571674e-05
 -5.4863144797568347e-08
  4.0027990200712394e-08
 -2.8624517470286823e-10
  1.5809594871016107e-10
 -1.4922277854796204e-12
  6.8327869066316859e-13
 -7.7787285955368707e-15
  3.1233332549068501e-15
 -4.0490065372610542e-17
  1.3527012900336053e-17
  8.2935421900065916e-19
 -2.6475514439064486e-18
  4.3730468536061452e-20
 -4.2199894209468085e-19
 -2.2381354713003660e-18
  1.7972514393311054e-18
 -1.4934623157565247e-18
  6.1074905858018693e-19
  2.1240806283330141e-18
  1.2935995706515660e-18
  1.5816413170829746e-18
 -2.7098889203038469e-20
  2.5439567552126700e-19
 -8.0192933692886364e-19
 -1.6693045269740164e-18
  1.3477025838400697e-18
  5.6806584598526256e-19
  2.9099498461096961e-19
 -1.1361644121816326e-19
 -5.3686329431703974e-19
  4.0181188698618508e-20
 -2.8426063332001607e-19
  1.5249789700239206e-18
 -6.8536616241461116e-19
  5.1989743462110665e-19
 -4.6279008452713839e-19
 -7.0544655368605423e-19
  1.0103167069075785e-18
  1.4110250941903570e-20
 -2.7554821031729330e-19
  2.6887026932836296e-19
 -3.6593001382556362e-19
 -2.7401937389857205e-19
  3.7492990159615352e-19
 -7.6416165763423560e-19
  6.0878070756922952e-19
 -5.2450132977753758e-19
  3.4057773996588267e-19
 -2.1651191022615823e-19
 -2.0263657311703428e-20
  9.8025269232805752e-20
 -2.0127608453568584e-19
  1.7956859616271997e-20
 -7.0303279161676904e-19
  7.0308887591869514e-19
  3.8256731564867866e-19
 -1.3413356573595617e-19
 -2.0703870935670103e-19
 -4.7483726703093753e-21
  5.2863220007003554e-22
  1.8706562476210410e-19
  2.8437889711859196e-19
 -8.4707600823556771e-20
  4.0412047670201548e-19
 -1.8173937364856899e-19
 -1.9244678805092660e-19
  2.2381892000971557e-19
 -3.4961994697056622e-19
  4.2678784531486394e-19
 -1.3915498275177087e-19
  2.5134756641884214e-19
 -1.2264756290061963e-19
  2.8255575840220678e-19
 -1.2492945159246753e-19
  1.2831647768647915e-19
  1.0687810177291343e-19
 -2.7161432901481558e-19
 -2.5111590961258407e-19
 -1.8787616962103645e-19
  7.9787299501467670e-20
  1.3332214378850980e-19
 -2.9581917974271488e-19
  1.4898832931205663e-19
  4.3377558027133988e-20
  5.5471507907839330e-20
  1.1913413412353932e-19
 -5.9255363585725975e-20
  1.8565085293914927e-19
  4.2797573687384627e-20
  8.1189574125528085e-20
 -5.1561712468545336e-19
  2.0554281661605066e-19
 -8.3377887655420953e-20
  3.8341235964877193e-19
 -3.1418526578827690e-19
  5.4241914572759955e-19
 -1.9639638857164314e-19
 -2.0640186635538060e-19
  1.3570322269817766e-19
 -1.9678799657698931e-19
  2.7493497994466733e-19
 -2.2478901735448359e-19
 -1.8760882984055871e-19
  4.1609386322183151e-19
 -1.6118404946655889e-19
 -2.8846391992274058e-19
  3.0667436309205225e-19
  4.3583695500600023e-20
 -4.3999599151376371e-19
  2.9039100472463527e-19
 -6.7053859142829800e-20
 -2.8102781564172627e-20
  1.3338884153147701e-19
 -1.6749929692679077e-19
 -1.1625508931224201e-20
 -1.6976632240392529e-19
  4.7470038839105935e-20
  2.1189171461679983e-19
  2.3664785562795458e-19
  1.0572027907837658e-19
  1.2821497256030177e-19
 -1.7501063857957088e-19
 -4.5995581227575855e-19
 -9.4995380644090640e-20
