                     128
                  0.2000
      0.1010205144336440
  4.0124416833751370e-02
  1.5639124933758516e-02
 -5.5513362801716250e-05
  4.9966203942848187e-05
 -4.8837177771255192e-07
  2.9208208239199821e-07
 -4.2805073491146857e-09
  2.0616008870062841e-09
 -3.7506601490016377e-11
  1.6031138027971244e-11
 -3.2892091268134370e-13
  1.3235084995011173e-13
 -2.8875435708646370e-15
  1.1368225953065755e-15
 -2.5657458220152078e-17
  1.2225498674386918e-17
 -9.3683095665019023e-19
  1.2005570835745256e-18
 -1.5429132217851369e-18
  2.3147080784586585e-18
 -5.1556682339544705e-19
  2.1553568210460234e-19
  9.7655631247807648e-19
 -1.7531498579812763e-18
  5.8426992185753111e-19
 -1.2544872318079518e-18
  5.5371804215580008e-19
 -2.0765931346098526e-18
  1.1859903952624620e-18
  1.0711154333477537e-18
 -7.0254938141602866e-19
  2.5552858794661625e-19
  7.6808060859096459e-19
 -1.7506503748607464e-18
  1.4437075075501905e-21
  3.0153113567349057e-19
  1.6524810351360661e-18
  2.8372151218580767e-20
 -7.1862999717310709e-19
 -1.1581236482952654e-19
 -7.9420365459436486e-21
  4.4677448401715183e-19
  5.2314767308878513e-19
  6.5304001515161754e-20
  6.5382120122790837e-19
  3.4293946396899992e-19
 -4.9385971977454725e-19
 -2.8561640600084435e-19
  2.3865932684100290e-19
 -2.7128142105134144e-19
 -1.9891413190697180e-19
  2.5398546306236360e-19
  6.8084240815104079e-19
  2.8420768412813077e-19
  3.0119943069430647e-19
 -1.1798313617900530e-19
  3.5067371764425146e-19
 -3.4517981836928868e-19
  2.0468436176520960e-19
  2.0887828238501038e-20
  2.1828541202022139e-19
 -1.2699814482852396e-19
 -1.0587282862231455e-19
  7.3929408204537698e-20
 -4.6425573846456050e-19
  4.1999146426380865e-19
 -1.1638659808655055e-19
  3.6005567473650642e-19
 -3.2813964820598743e-19
  5.3907905737311710e-19
 -7.3978131989330116e-19
  6.5969032207529368e-19
 -3.0583233140717172e-20
 -2.4444899871252737e-19
  2.4241701795405872e-19
 -3.5454276582151396e-19
  1.1911035431199695e-19
  4.5177787089627931e-19
 -5.6186271437730271e-19
  4.3822714508436606e-19
  1.7506442929762756e-19
  1.1338752345569168e-19
  2.4097564308134702e-19
 -4.6332388423006179e-19
  2.1543135100699848e-19
  5.4109155656081968e-19
 -1.5328261158073952e-19
  1.3302922685597579e-19
  7.3185428846124424e-20
 -1.3651357993191782e-20
  1.6391033565170942e-20
  1.8372196960301541e-19
  9.1838697252933170e-20
  5.1779851927007580e-21
 -5.4218586570725383e-20
  6.3518231565940388e-21
  8.9916341653590072e-20
  1.0507450802908065e-19
 -4.1148305815682765e-19
  1.7835270582863659e-19
 -1.9730694334787027e-19
  1.1337904075549175e-19
 -3.4177235632278918e-19
  3.6528629691326689e-19
 -1.6261295886235288e-19
 -1.0639229136618414e-20
  1.0141908381258857e-19
 -6.1705587190915991e-21
 -1.0979272404848156e-19
  1.5441253150247672e-19
  1.7114908034196390e-19
 -1.4189920686676355e-19
 -1.7099827441496747e-19
 -2.4687880440352018e-19
 -1.7432189805808053e-20
  9.5957615217552574e-20
 -1.8600664955966401e-19
  5.5653404261788112e-19
 -3.4909360443471298e-20
 -3.5603785675696378e-19
  3.3032344139333759e-19
 -1.5574221809736456e-19
  2.9722581253675527e-19
 -2.8886117153571212e-19
  1.2547399551219054e-19
  1.5218907293075058e-19
  3.5127417715631098e-20
 -4.5204269961145490e-20
