                     128
                  0.8000
      0.0000000000000000
  1.2728473797578930e+00
  1.5744940860686130e+00
 -7.1898200367762732e-01
  4.1486269836169237e-01
 -2.6298092365838388e-01
  1.7508521852137288e-01
 -1.2004537354303230e-01
  8.3923978589801107e-02
 -5.9494638108695375e-02
  4.2629558475661675e-02
 -3.0811083196380006e-02
  2.2432929921662893e-02
 -1.6437607424033156e-02
  1.2113111877629498e-02
 -8.9719962984640116e-03
  6.6761971567994086e-03
 -4.9887650099450015e-03
  3.7421214796759220e-03
 -2.8168069822222131e-03
  2.1270527748767400e-03
 -1.6108747091734044e-03
  1.2232059982091375e-03
 -9.3109612531324564e-04
  7.1032821213057177e-04
 -5.4301861135059941e-04
  4.1590201627800016e-04
 -3.1909853214163829e-04
  2.4522195556555312e-04
 -1.8873121160808555e-04
  1.4545616218271157e-04
 -1.1224920273166468e-04
  8.6728110221199518e-05
 -6.7085438017772605e-05
  5.1946681694409878e-05
 -4.0264353282530074e-05
  3.1238607443728769e-05
 -2.4257579442494276e-05
  1.8852411096674848e-05
 -1.4663258820526651e-05
  1.1413538986114013e-05
 -8.8903700176965173e-06
  6.9296888504428491e-06
 -5.4049023092233418e-06
  4.2182179991666888e-06
 -3.2940107349303919e-06
  2.5737384484246317e-06
 -2.0120398172453099e-06
  1.5737347378611030e-06
 -1.2315157237024435e-06
  9.6416887273661328e-07
 -7.5520132343510465e-07
  5.9178115206549208e-07
 -4.6391773359812090e-07
  3.6382739550075791e-07
 -2.8544201599989507e-07
  2.2402801701753669e-07
 -1.7589070166774561e-07
  1.3814463487718631e-07
 -1.0853517825782311e-07
  8.5299681868944707e-08
 -6.7059445380873227e-08
  5.2735572043714172e-08
 -4.1483389782670153e-08
  3.2641311358942497e-08
 -2.5690931117918665e-08
  2.0225871943215362e-08
 -1.5927450539460983e-08
  1.2545658942255245e-08
 -9.8842934740524430e-09
  7.7893211407891190e-09
 -6.1397745089239098e-09
  4.8406223407407823e-09
 -3.8171848989547388e-09
  3.0107574498580782e-09
 -2.3751792043317143e-09
  1.8741424444470636e-09
 -1.4790813750377933e-09
  1.1675151993308926e-09
 -9.2174724860254391e-10
  7.2784331717073774e-10
 -5.7482900862562701e-10
  4.5405895242848090e-10
 -3.5872094011863096e-10
  2.8344599752044340e-10
 -2.2400169446090704e-10
  1.7705083411504754e-10
 -1.3996154498154780e-10
  1.1065779199022947e-10
 -8.7501660155183345e-11
  6.9200647878762467e-11
 -5.4734634034442367e-11
  4.3298327042395151e-11
 -3.4255917811275514e-11
  2.7105317762298667e-11
 -2.1449970419115524e-11
  1.6976617424959068e-11
 -1.3437763020677815e-11
  1.0637837209751983e-11
 -8.4222789249769824e-12
  6.6689166914520233e-12
 -5.2811711287374355e-12
  4.1826823812919876e-12
 -3.3130672280582004e-12
  2.6245734618896425e-12
 -2.0794319834347115e-12
  1.6477677695016362e-12
 -1.3059511133763085e-12
  1.0352869327705886e-12
 -8.2098628266406424e-13
  6.5134586658577269e-13
 -5.1710426876073439e-13
  4.1092665925100171e-13
 -3.2699570438861432e-13
  2.6069056774225238e-13
 -2.0832977891206773e-13
  1.6696835441049663e-13
 -1.3423664703672754e-13
  1.0822150168936799e-13
 -8.7366977983827770e-14
  7.0415614914138251e-14
 -5.6361351474441404e-14
  4.4427141081750568e-14
 -3.4056013838404116e-14
  2.4912282358441600e-14
 -1.6877695350588067e-14
  1.0047939313688662e-14
 -4.6977717433553105e-15
  1.2170314593614476e-15
