                     128
                  0.7000
      0.4083673673510215
  7.2318802645360736e-01
  9.8465056425106179e-01
 -6.0623383477294908e-02
  5.5659957731524760e-02
 -4.8342012531117874e-03
  5.3635112067680285e-03
 -5.5469529688090605e-04
  6.2701173519447520e-04
 -7.0016333920029582e-05
  8.0384198632657721e-05
 -9.4074366418119270e-06
  1.0864612916063033e-05
 -1.3169840277088844e-06
  1.5208160459156254e-06
 -1.8950531837526166e-07
  2.1831402164360023e-07
 -2.7806463735434073e-08
  3.1939285750524270e-08
 -4.1409610167818796e-09
  4.7421246951636855e-09
 -6.2398058198988755e-10
  7.1240688332604773e-10
 -9.4937412868881698e-11
  1.0806362142010169e-10
 -1.4568499878930221e-11
  1.6515608538110873e-11
 -2.2287776422843214e-12
  2.5312531618272436e-12
 -3.4261304324808245e-13
  3.8682279245285515e-13
 -5.8752568397272896e-14
  7.2376881393122196e-14
 -2.0934062909358998e-14
  1.4045523394842256e-14
 -2.3710631512249240e-15
  1.8555666040719747e-15
 -8.1092794906896711e-15
  3.0115441600467046e-15
  2.5366906317072264e-15
 -2.2119162707037725e-15
 -2.7602588263624912e-16
 -4.8600459999303236e-16
 -8.1766944793127680e-16
  1.0020999617425901e-15
 -5.9206133449169211e-16
  4.5859273416256850e-15
 -2.7461264329554573e-15
  2.4501717454436978e-15
 -6.4558393196745378e-15
  1.0337341564002783e-14
 -1.3697210659939796e-14
  6.6900265316548166e-15
  3.3232783503398761e-15
 -7.2271376606250292e-15
  5.6509339096052009e-15
  3.7259315724989590e-15
 -2.1136533027540350e-15
 -3.7708492776828862e-15
  6.0584177052110818e-15
 -1.9480712277518497e-15
  1.3054454430594511e-16
 -1.2789348438870691e-15
  5.9752919523089838e-15
 -4.2206408292490105e-15
 -1.2121198707452784e-15
  3.8830719300838834e-15
 -3.6921008009121331e-15
 -1.1006175062517753e-16
 -7.8169100642274388e-17
  5.2238814689024347e-15
 -2.4659537907018833e-16
 -5.7879341884310261e-15
  6.3044516091193605e-15
 -2.6459567810411504e-15
 -2.3413886790330350e-15
  2.9592618858965471e-15
  1.2820892905642718e-15
 -1.0077966160604122e-16
 -5.0185126443450994e-15
  5.1475402850553520e-15
 -3.6045646606661523e-15
 -8.4334712394404214e-16
  1.9642377409964727e-16
  1.8567549716841486e-16
 -1.2220538220391545e-15
 -1.9251391997739587e-15
  4.1538539037592854e-15
 -7.0669522527956471e-16
 -2.7306487269198639e-15
  4.1788963885847386e-15
 -1.2257853313725278e-15
 -4.1287198028837605e-15
  2.9535288260670928e-15
 -1.6306218748898570e-15
 -7.3183718531309908e-16
  3.2211136049749601e-15
 -1.2376270908256653e-15
  8.5068701511114199e-17
  3.2142732168469832e-16
 -4.1813209510668157e-15
  6.1387842893575919e-15
 -1.3435906730638435e-15
 -2.9146701724697914e-15
  2.2070358564735626e-15
 -1.6533435014547529e-15
  2.1659697588223616e-15
 -2.3144179588435913e-15
  2.1394963738678339e-15
 -1.8269783052754677e-15
  3.4439140080220193e-15
 -2.5908228713488039e-15
 -1.3617296993524976e-15
  3.0277600764431588e-15
 -1.0601512154919110e-15
 -1.3305624695041540e-15
  2.2639825333360948e-15
 -1.6108187000126721e-16
 -8.7739071209152951e-16
  1.4980698978400065e-15
 -8.2217463700143523e-16
 -1.1986553457121257e-15
 -1.4568569076888398e-16
  1.7194521862011902e-15
  1.5089336487044750e-16
 -1.6603286631713630e-15
  8.8111121567790408e-16
  1.6044729469431436e-15
 -1.6417114401455174e-15
