                     128
                  0.8500
      0.0000000000000000
  1.8167333258212413e+00
  2.3714324040728201e+00
 -1.1408589210779796e+00
  6.9622444451825938e-01
 -4.6857567558235708e-01
  3.3226962963024875e-01
 -2.4320679326665320e-01
  1.8177870552512473e-01
 -1.3787169813066519e-01
  1.0570566752521487e-01
 -8.1721461876336665e-02
  6.3602372778749833e-02
 -4.9776070120436479e-02
  3.9141174079348515e-02
 -3.0907470830693451e-02
  2.4497521162552816e-02
 -1.9483359865253975e-02
  1.5544265920555699e-02
 -1.2437742824908008e-02
  9.9790958839680814e-03
 -8.0267844433046381e-03
  6.4717569213983963e-03
 -5.2295923071971982e-03
  4.2346536873503621e-03
 -3.4357043067405222e-03
  2.7925985524749970e-03
 -2.2737700730052065e-03
  1.8543154005603829e-03
 -1.5145252197660249e-03
  1.2387539554110159e-03
 -1.0145462854354022e-03
  8.3195962776122132e-04
 -6.8303672539167277e-04
  5.6139364308801577e-04
 -4.6189683812762345e-04
  3.8040922754476727e-04
 -3.1358988792593490e-04
  2.5873558744078288e-04
 -2.1365505421311643e-04
  1.7656894509107985e-04
 -1.4603005359111040e-04
  1.2085950382786760e-04
 -1.0009560721601721e-04
  8.2952777103354554e-05
 -6.8788453287871993e-05
  5.7076421359171235e-05
 -4.7385249605739873e-05
  3.9360830601659042e-05
 -3.2712222124902945e-05
  2.7200145465078622e-05
 -2.2627628203503491e-05
  1.8832380706935773e-05
 -1.5680576674946049e-05
  1.3061772624009875e-05
 -1.0884752681538300e-05
  9.0741262347555654e-06
 -7.5675389718714131e-06
  6.3133843460322763e-06
 -5.2689238088104119e-06
  4.3987413426241542e-06
 -3.6734716971697939e-06
  3.0687529586964000e-06
 -2.5643631744480008e-06
  2.1435081330511134e-06
 -1.7922333975250438e-06
  1.4989385663546490e-06
 -1.2539757131874866e-06
  1.0493171986451678e-06
 -8.7828069633993739e-07
  7.3530144090853581e-07
 -6.1574347867915488e-07
  5.1574315424000154e-07
 -4.3207925739848924e-07
  3.6206523351580493e-07
 -3.0345966358322394e-07
  2.5439188173111356e-07
 -2.1330014174209938e-07
  1.7888019239719795e-07
 -1.5004249101807303e-07
  1.2587658924428417e-07
 -1.0562147686519546e-07
  8.8640877262260945e-08
 -7.4402659998939573e-08
  6.2461678097997203e-08
 -5.2445455301537668e-08
  4.4042245946106130e-08
 -3.6991070918282599e-08
  3.1073399930285375e-08
 -2.6106206014505848e-08
  2.1936164111957660e-08
 -1.8434803938447191e-08
  1.5494459003897143e-08
 -1.3024880156396066e-08
  1.0950403890056437e-08
 -9.2075839375918418e-09
  7.7432098748755777e-09
 -6.5126490552036691e-09
  5.4784587376481347e-09
 -4.6092240164925657e-09
  3.8785844685434953e-09
 -3.2644185504975104e-09
  2.7481597831470541e-09
 -2.3142230971944148e-09
  1.9495232159982491e-09
 -1.6430699738202767e-09
  1.3856279316771368e-09
 -1.1694298684286999e-09
  9.8793545305976094e-10
 -8.3562801262491774e-10
  7.0784353267409461e-10
 -6.0062727872587354e-10
  5.1061422830957151e-10
 -4.3493040395818087e-10
  3.7111274661445705e-10
 -3.1704564571689928e-10
  2.7091259415270642e-10
 -2.3116147965156579e-10
  1.9648200122339738e-10
 -1.6579352340060466e-10
  1.3824114117724602e-10
 -1.1319730066475221e-10
  9.0265527089569636e-11
 -6.9282191179209711e-11
  5.0311439352405865e-11
 -3.3628013113896393e-11
  1.9682395203103523e-11
 -9.0429896489580116e-12
  2.3106769214564898e-12
