                     128
                  0.2000
      0.0000000000000000
  4.0124416833751481e-02
  1.5469936172959888e-02
 -1.6023580209244990e-03
  2.1415862049165796e-04
 -3.2122458501569111e-05
  5.1389767971449018e-06
 -8.5642139919154971e-07
  1.4680571809565703e-07
 -2.5689745757419874e-08
  4.5668893259661266e-09
 -8.2201423926303357e-10
  1.4945323579125538e-10
 -2.7399159113776337e-11
  5.0582129359223632e-12
 -9.3936619203243811e-13
  1.7534725988917912e-13
 -3.2878985932207806e-14
  6.1886543610124392e-15
 -1.1675571375733519e-15
  2.2122923886893477e-16
 -4.4568834810488854e-17
  1.0950564305801425e-17
 -1.5236508413598022e-18
 -5.4885186332790429e-19
  1.0592015641990537e-18
 -1.2217127134386788e-18
  9.7699554779548157e-19
  2.1709158351240738e-19
 -7.0668575511740067e-19
  1.4599608975646909e-18
 -9.9831766649276587e-19
  5.2049144816970301e-19
 -6.5911121103851207e-19
  1.3077272981758839e-18
  6.6400704368751458e-19
 -1.3445099420279084e-18
  1.3013460028047118e-19
 -1.9331361319801383e-19
 -2.7135540874458523e-19
  3.9399362105857803e-19
 -7.4872327770926731e-19
 -6.4913049352358949e-19
  4.6926672415443146e-19
 -4.9561077307649841e-20
  1.0812123318789385e-18
 -6.1024662782136006e-19
 -3.0378742933870483e-19
 -6.7658908214383560e-20
 -3.0792536564410759e-19
 -1.3029761552701293e-19
  2.2920688125433637e-19
 -5.1581892923000625e-19
  6.0778362593745146e-19
 -1.5887274695704050e-19
  1.3468453739678822e-19
 -1.2343438491633944e-19
 -5.6112579803451724e-19
 -2.0482511865119055e-19
  5.5255409356353076e-19
  2.6111727977638740e-19
 -6.5104539531733433e-20
  5.4554615476783798e-20
  4.2773612800157870e-19
  7.5863591843395726e-20
  9.1748708118238770e-20
 -1.0419241157103561e-19
 -1.0019977492763500e-19
  7.7545905060749188e-20
 -3.2682156910333550e-19
 -2.7434538497448454e-19
  5.8462082718600074e-19
 -8.6048032049494797e-19
  7.1943111251046201e-19
 -1.4132531101097212e-19
  1.3612620459804302e-19
  5.0167423992719539e-19
 -8.7504243284449957e-19
  8.6218532320137068e-19
 -4.9698870937312897e-19
  9.2481490161804447e-19
 -4.4793777665895668e-19
 -1.4525409027414474e-19
  1.6084641289330050e-19
 -3.0517225649380493e-19
  3.3799423827915182e-19
 -3.9412320314943210e-20
 -1.3271714554267560e-19
  3.3366894974517973e-19
 -6.7414057258296671e-19
  4.5200479798333429e-19
  2.1778311785127975e-20
  1.0064109169930637e-19
 -4.9272382055634726e-20
 -1.3696065919425396e-19
  2.0391442396860833e-19
  3.2268219253000743e-19
 -3.3693794208719726e-19
  3.3385894641220820e-19
 -5.2283917737992845e-19
  2.7735953579633726e-19
  1.5510894046867061e-19
  2.1626813929321100e-19
 -2.5023773116011888e-19
  3.0701883300349424e-19
 -4.5156298205603938e-19
  9.8285169266766753e-19
 -6.9460599511112959e-19
  1.8506453150370286e-19
 -7.8629458319624219e-20
  1.0473349822565203e-19
  4.6685267010913772e-19
 -3.3002625092508007e-19
  3.1952669965886074e-19
 -2.2155584919480923e-19
 -3.5283526243802718e-20
  2.8504946833137091e-19
 -1.3764388093184796e-19
  1.7742275181406999e-19
 -4.6911980308843231e-19
  1.4256137465586992e-19
 -2.3597643890537995e-20
  6.1672839842598934e-20
  1.0282298547695853e-19
  8.4332235573432383e-20
 -4.7866797094227218e-20
  1.4589777881663673e-19
 -1.8421940283595749e-19
 -1.0240866777614220e-20
