                     128
                  0.5500
      0.0000000000000000
  3.5249432766415117e-01
  3.2347784967006554e-01
 -1.0152983859705118e-01
  3.9330270874384489e-02
 -1.6569305392435504e-02
  7.3353882663389483e-03
 -3.3629572161605593e-03
  1.5827815620955133e-03
 -7.6016249670387572e-04
  3.7092211732598181e-04
 -1.8329845872956885e-04
  9.1517222019659640e-05
 -4.6082760003426942e-05
  2.3370702700401378e-05
 -1.1924495395816162e-05
  6.1161276491913587e-06
 -3.1512738626944959e-06
  1.6301505542864452e-06
 -8.4625607590306001e-07
  4.4069847048878558e-07
 -2.3014733234234781e-07
  1.2049659587893635e-07
 -6.3233132054206519e-08
  3.3252645672989517e-08
 -1.7520290795082300e-08
  9.2474419397195076e-09
 -4.8888509551119535e-09
  2.5884715932629981e-09
 -1.3724099391559416e-09
  7.2859402726839280e-10
 -3.8726693814010809e-10
  2.0607436095317891e-10
 -1.0977287008305734e-10
  5.8532255185130627e-11
 -3.1239136083597812e-11
  1.6687192421824583e-11
 -8.9212902396710345e-12
  4.7732122226232141e-12
 -2.5557088301877072e-12
  1.3693681109421868e-12
 -7.3425359265782855e-13
  3.9395544639186065e-13
 -2.1148163027512042e-13
  1.1356648773240340e-13
 -6.1022193717732136e-14
  3.2843389322296788e-14
 -1.7688704194339801e-14
  9.4994924586554438e-15
 -5.0636594944263948e-15
  2.6933159052273822e-15
 -1.4374057926312801e-15
  7.7157614008276385e-16
 -3.9594563678298229e-16
  1.6347157238841719e-16
 -4.6408108634048140e-17
 -2.3548048007848253e-17
  4.2990553138371324e-17
 -4.7498812295209243e-17
  4.3755501920492688e-18
  2.9399073586815063e-17
 -3.8582833617321889e-17
  4.4496378291371943e-17
 -4.7512116300769580e-17
  4.1357815688052315e-17
 -3.9735711790327037e-17
  6.4285010924631969e-17
 -9.9018129357519455e-17
  1.1359060482353993e-16
 -7.5776069937127528e-17
  2.0452490152845067e-17
  6.8196135768038635e-18
 -1.3477376659376067e-18
 -1.9059379388624980e-17
  3.4137072780263675e-17
 -1.2726678593416354e-17
  5.0327902721486262e-18
  3.6600238302610159e-18
 -1.1868865114582185e-17
 -1.8236629789058487e-18
  2.8069318997239268e-17
 -3.7087044585250578e-17
  2.0649520594188314e-17
 -1.2017132299648923e-17
  2.2043201800919822e-17
 -3.5631738062582694e-17
  4.4367091569984762e-17
 -4.2787940799581946e-17
  4.9936848769825804e-17
 -7.4918836326266338e-17
  8.5215802166312427e-17
 -8.7158976219768096e-17
  6.7845700936147245e-17
 -2.9426327046184530e-17
 -5.2147504664296618e-19
 -1.6244644866410740e-19
  6.2319940366672613e-19
  3.0712591033294572e-18
 -2.7383025136666514e-18
 -5.7324727277782073e-18
  1.5116762102584033e-17
 -5.4135557012164609e-18
 -1.8706174835030016e-18
 -2.3485287999137907e-18
  5.6133825896180391e-18
  2.9620337757012672e-18
  2.3371381007436879e-18
  7.0686715518950737e-18
 -3.0678250353353141e-17
  4.3190353819947461e-17
 -3.7978189982952921e-17
  3.5939105625267435e-17
 -2.9616968786894856e-17
  1.5839444352070652e-17
  8.8101400431232920e-19
 -8.3519714356951628e-18
 -4.2207127956273671e-18
  2.6588538387798431e-17
 -2.8323222802352484e-17
  2.5473166912281881e-17
 -2.1787010417744104e-17
  1.5691939968362448e-18
  1.7720669578891551e-17
 -2.2598706310482014e-17
  1.8334924812114183e-17
 -1.0132034298163525e-18
 -1.8757540385386145e-17
  2.8072878877786153e-17
 -1.3937581715182034e-17
