                     128
                  0.3000
      0.0000000000000000
  9.1375224951322928e-02
  5.0853718525113327e-02
 -8.1653968963611399e-03
  1.6496552197247680e-03
 -3.7140092373476964e-04
  8.9096843777843672e-05
 -2.2264934213734487e-05
  5.7234438325907537e-06
 -1.5020339078838319e-06
  4.0046381727896580e-07
 -1.0810790037793494e-07
  2.9480029352171186e-08
 -8.1060878174144264e-09
  2.2445434900505906e-09
 -6.2521250182281803e-10
  1.7504640215091079e-10
 -4.9228533352688889e-11
  1.3898994261576038e-11
 -3.9378336918436459e-12
  1.1191172005206056e-12
 -3.1893045707625099e-13
  9.1118453792558923e-14
 -2.6094210615756056e-14
  7.4864483483034918e-15
 -2.1500851056067684e-15
  6.2039017388642953e-16
 -1.7825861527506960e-16
  4.9815191983376735e-17
 -1.5468751123908730e-17
  5.4807832492759630e-18
 -1.0089549845035981e-18
 -3.5655163078049617e-19
  1.5081399212885815e-18
 -1.5715972553614658e-18
  2.4282311164494430e-18
 -2.7994675896757980e-18
  2.4053816325129505e-18
 -1.7555083457936606e-18
  1.0109644476082512e-19
  1.6322885457153681e-18
 -2.7359903005872175e-18
  2.5817271600595416e-18
 -3.3092342646236553e-18
  1.9096794309616191e-18
 -1.2849751179092495e-18
  1.0610562531322399e-18
 -4.5349963340253067e-19
  2.3205056600536397e-19
 -5.6536921110830234e-19
  9.7384058239529169e-20
  9.3378599300697099e-19
 -8.4919400747192401e-19
  8.9827568832057278e-19
 -6.3096879195970433e-19
  1.8409900800850265e-18
 -1.0127491930795922e-18
  1.5893218452933876e-18
 -1.9546612070533385e-18
  1.0916161214386370e-18
 -2.2688246608566174e-19
  3.6677745750586999e-19
 -7.6859007413760949e-19
 -1.1618858698184054e-18
 -2.2592325204248674e-19
  8.6702330019969208e-19
  1.3541692481437225e-19
 -4.6831966834640056e-19
  8.2469939338077807e-19
 -2.2728542514327432e-19
  4.8585125279719385e-20
 -1.6175292261750456e-18
  1.3241832713539381e-18
 -4.4075603519014349e-19
  1.1108840692147060e-18
  5.9522699037625328e-20
 -1.0714855715805724e-18
  1.4068393918110542e-18
 -4.7130953576319319e-19
 -2.7464586797049419e-19
 -6.2297331160717249e-19
  1.5432977947928034e-20
  8.5443795711136187e-19
 -1.0676605963159947e-19
 -9.7899146072945129e-19
  3.5697531570728380e-19
  1.6559497089829513e-19
  8.9541517626708608e-19
 -5.0750491047665063e-19
  3.0515845402045632e-19
 -5.9072831618600459e-19
  4.6304777309127522e-19
  7.7543992629028402e-19
 -6.2097849292878846e-19
  3.6271819099676760e-19
  3.6823639922503695e-19
 -3.5274462176998402e-19
 -1.1801732701003335e-18
  2.4138896312194223e-19
  3.9629079835212857e-19
  1.0188503257786242e-18
 -1.1794020721930994e-18
 -9.2175164069628427e-20
  2.8141656410209561e-19
  2.0158553180741780e-19
  1.8150210516630204e-19
 -7.1940204129010297e-19
  4.2087089339479261e-19
 -2.9540002028364995e-20
  3.9646356691860940e-19
 -7.1879869969065135e-19
  9.1237292319726719e-19
 -6.1552505820966683e-19
 -5.7542379941970711e-20
  4.7393747560395075e-19
 -1.8868573047154032e-19
  1.4712955524923091e-19
 -5.7570119366062546e-19
  5.7976693400506428e-19
 -4.6348389475141600e-19
  1.2148807037702096e-19
  7.7519089463952342e-20
  2.3327843736338625e-19
  1.9889500077652021e-19
 -7.4962383978709417e-19
 -3.1649071987759680e-19
 -2.9288880802951867e-20
  1.4954591231792832e-19
  2.4187872736367274e-19
