                     128
                  0.1500
      0.0000000000000000
  2.2522410885684629e-02
  6.6133260384295496e-03
 -5.0647724164813723e-04
  5.0688568575651906e-05
 -5.7022622000461630e-06
  6.8424410115857022e-07
 -8.5528139094899425e-08
  1.0996252939259844e-08
 -1.4432359630128690e-09
  1.9242911774051620e-10
 -2.5977676862025644e-11
  3.5423839832816870e-12
 -4.8707599366388384e-13
  6.7442050298968625e-14
 -9.3947862103956402e-15
  1.3160731114529808e-15
 -1.8347368020917725e-16
  2.4287784888651939e-17
 -2.8387433045112078e-18
  7.8580677648239057e-19
 -7.3913779231906018e-19
  2.7245454783580970e-18
 -7.7243789877763396e-19
  8.3024422889409657e-19
 -1.1071201319492711e-18
 -4.3232679486510740e-19
 -3.8735233996084306e-19
  1.1005150449202683e-18
 -3.2766880533432583e-19
  1.0920633037591423e-18
  8.4492086546223913e-19
 -4.3971018445729068e-19
 -2.8728916996893282e-19
  6.7013960863470931e-19
 -8.6818772665415526e-19
  9.1433917454724584e-19
  6.0976287608068074e-20
 -4.1473084739465767e-19
  1.5913113623018803e-19
 -3.5741455915168185e-19
  1.9845814182518512e-19
 -5.8374452340920861e-19
  5.6251276281206197e-19
  1.6253289703263282e-19
  5.6395475046814078e-20
 -1.9606499938764846e-20
 -4.7346489766339509e-20
  2.2449271318703309e-19
 -1.7179409689964375e-19
 -1.8436998465649474e-19
  1.3174817286292251e-19
  8.9217781226590852e-19
 -3.6747880292698746e-19
  5.2180000169134531e-19
 -6.4958622377419225e-19
  5.0835519487278545e-19
 -3.3769122355732639e-19
 -3.6267806774869684e-20
 -3.4475531831982464e-19
 -5.3681045470355481e-20
  1.5217777399280492e-19
  4.2996909250022712e-20
 -3.8770622936555451e-19
 -1.8115442166410463e-19
 -2.8700436040927576e-20
  3.9837322144703518e-19
 -1.2168813849039096e-19
  5.9229560523208898e-19
 -4.1632857917688958e-19
  4.2962263768707539e-19
 -4.1539682595982618e-19
 -1.4013545247477753e-19
 -2.7308761568289076e-20
  2.8574781752041154e-19
  9.2519233590329931e-20
 -2.8339576350164687e-19
 -2.6922276798398190e-20
 -3.8900812420864780e-19
 -9.8649615477135622e-21
  2.7846260899627756e-19
 -2.3680000826653675e-19
  1.9947103307516270e-19
 -2.5820830548965486e-19
 -6.9555479047691962e-20
 -1.1290891633032073e-19
 -1.3071772873170661e-19
  4.6403190284183534e-20
  3.9270963876855903e-19
 -2.9232942760213310e-19
  4.6993958652698423e-19
 -4.0778924325539151e-19
  3.9556510962600453e-19
 -3.2442931955852479e-19
 -1.3033502016659103e-19
 -4.3769490703938266e-20
  1.5204839289285958e-19
 -4.1375753750969973e-20
  5.1231790160604839e-20
 -9.4249296946383660e-20
  2.7648558619766957e-19
 -3.0915693347442854e-19
  4.2287578193696458e-20
  2.7344441323103302e-19
 -1.6067985631846475e-19
 -2.8548723179244416e-19
  1.0705420395508990e-19
  2.8769690833353576e-20
 -8.3166542917874176e-21
 -1.5351117036487015e-20
 -7.8510045021635136e-20
 -3.5155482597349960e-19
 -1.0942717976765483e-19
  7.0652328088769146e-20
 -3.1675910239695091e-22
 -1.2310880608347182e-19
  1.0264404484584404e-19
  2.6997850111310874e-19
 -2.4586848649655361e-19
  4.5048660205072337e-20
 -1.1065081915471422e-19
  8.4115137107243744e-20
  8.5445271482486086e-20
  1.6943727212279901e-20
 -1.4099031495799936e-19
  1.5045454024322828e-19
 -3.5946147011656668e-20
  4.5033774802750828e-20
 -8.5145878009241827e-20
