                     128
                  0.6500
      0.3693319881868721
  5.6473730865385552e-01
  6.9937857092832612e-01
 -3.8058009313267249e-02
  3.1577837624538883e-02
 -2.3909497297012984e-03
  2.5224148537666205e-03
 -2.2766725741069755e-04
  2.4088078415943041e-04
 -2.3827975701519854e-05
  2.5281942915730766e-05
 -2.6264658434605187e-06
  2.8008791357725347e-06
 -3.0093019255855840e-07
  3.2124749654792943e-07
 -3.5468727458363032e-08
  3.7761067723408543e-08
 -4.2666381148644007e-09
  4.5216290964066810e-09
 -5.2098933890684239e-10
  5.4936979872427478e-10
 -6.4362014251502673e-11
  6.7539950736578464e-11
 -8.0220977285740182e-12
  8.3806347541538126e-12
 -1.0058506181406041e-12
  1.0460672691387537e-12
 -1.2668721322156756e-13
  1.3195338856398388e-13
 -1.3086782453953362e-14
  1.6742287828729770e-14
 -1.9585742735121774e-15
 -2.1279900159829610e-15
  2.6807949580071636e-15
 -9.8184999548354488e-16
  2.3759984584523459e-15
 -1.5160498263610563e-15
  3.4231443990988825e-17
  6.0274599432223646e-16
  3.0734466563174341e-16
 -2.1696337771696221e-15
 -1.2092796844540024e-15
  2.5369237354570790e-15
 -5.8349903933673550e-16
  2.9233579313615943e-16
 -5.8821032190367370e-16
 -1.4772760777522719e-15
  4.0599439468847910e-15
 -2.1665171974300435e-15
 -5.5501797664849335e-16
  2.7490288136943341e-15
 -1.3378240341152027e-15
  4.0594064424807941e-16
 -1.1494822583868381e-15
  2.6352578601548886e-15
 -3.0524109696274652e-15
  8.5133972896843913e-16
 -1.4263844690041066e-16
 -4.4880660905715276e-16
  4.6745092301273707e-16
 -5.6056569739650218e-16
  1.2956181227195679e-15
  7.5901911590355380e-17
 -7.3476574510356786e-16
 -1.9497394379200484e-16
 -1.2459528123861172e-15
  2.0283233312854796e-16
  1.7653741893287265e-15
 -1.2136449812532275e-15
 -6.2707422279444133e-16
 -4.8268758865428415e-16
  1.4630177066655436e-15
 -1.3139651005645519e-16
 -1.5124380427531192e-15
  1.6147663241795167e-15
 -1.3662685335466045e-15
  3.8607458687883746e-16
  1.9017849012266604e-16
  5.1766842918450624e-16
 -1.2673525976746218e-15
  1.0999143431129108e-16
  7.7399008927285855e-16
 -6.8301372688573033e-16
 -4.6674600874506180e-16
  2.6629924625540341e-15
 -3.9439485338359726e-15
  6.5545607111401016e-16
  5.3809833852961545e-16
  5.6677699586234001e-16
 -7.8150596711309990e-16
 -7.6444108457292259e-16
  1.1383135173865822e-15
 -1.1518826564117419e-15
  8.9224624772546881e-16
 -2.4953593015767007e-16
  8.7717451500970613e-16
 -1.4216117556996687e-15
  3.8666774109840602e-16
  4.2354896759634372e-16
 -3.8984756721342720e-16
  2.6775864465886862e-16
  3.2385909149459783e-16
 -6.4728799644518911e-16
  1.9708260095095285e-16
  9.9854219976004690e-17
 -1.4940803428504092e-16
  3.9157930013502939e-17
  6.1025333472106135e-16
 -1.8574759878966565e-16
 -5.5619157936848902e-16
  2.9048477198577497e-16
  4.2017974862560285e-16
 -1.2814343446067576e-15
  3.1693938882637938e-16
  4.2101616286354594e-17
  7.4617260974487881e-16
 -4.0521011472378835e-16
  2.8240434929197921e-17
  9.3477171303911157e-18
 -1.0806753882884117e-16
  1.6230170206404665e-16
  2.6132720848454097e-16
 -9.0195540084320653e-16
  4.5569197365094900e-16
  8.1196917488507698e-16
 -8.1027949604108214e-16
  2.6177471249077570e-16
 -2.6585891617536502e-16
  2.6418184651087448e-16
