                     128
                  0.4500
      0.0000000000000000
  2.1753530067182208e-01
  1.7019834456967159e-01
 -4.2871498938812494e-02
  1.3313635380087839e-02
 -4.5306003015428342e-03
  1.6318956058704434e-03
 -6.1122441790264061e-04
  2.3544130092355381e-04
 -9.2597917404852302e-05
  3.7003947562537079e-05
 -1.4974816575045477e-05
  6.1220176517388403e-06
 -2.5239103042063899e-06
  1.0478828229593752e-06
 -4.3767860401963174e-07
  1.8375569658814077e-07
 -7.7495861399268997e-08
  3.2811856846060160e-08
 -1.3941227084570203e-08
  5.9418872247304553e-09
 -2.5395792021805438e-09
  1.0881637534322280e-09
 -4.6732575438189424e-10
  2.0111739591225260e-10
 -8.6717500728616152e-11
  3.7456171405345389e-11
 -1.6204657202725049e-11
  7.0210686884866752e-12
 -3.0462514132353190e-12
  1.3233911231142434e-12
 -5.7562836445508884e-13
  2.5066184527619500e-13
 -1.0925747539604567e-13
  4.7666180097431977e-14
 -2.0823492578697312e-14
  9.1255013481990671e-15
 -4.0150372150217690e-15
  1.7556955190116698e-15
 -7.6238265872789384e-16
  3.2365338424753065e-16
 -1.3197254829683194e-16
  5.3963115905120883e-17
 -2.8638808828858505e-17
  1.7030294992725271e-17
 -1.3153151509078341e-17
  5.3592316365226079e-18
 -3.8651462198794052e-18
 -2.0814016206397591e-18
  3.3915593001525392e-18
 -5.1279618088057138e-18
  1.0605363295276746e-17
 -1.1688933610523469e-17
  3.4435018557085775e-18
 -5.7251011529559988e-18
  1.6904751542084892e-17
 -8.0594496300483719e-18
  1.0397077864966956e-18
 -1.1022542881362050e-17
  2.0757738642851961e-17
 -1.6853864621154640e-17
 -3.7452065971626833e-18
  1.1762912525570814e-17
  1.7517452458257821e-18
 -1.3360756629915753e-17
  7.4104560885063408e-18
  1.3885938613841086e-17
 -1.9626293491575441e-17
  1.1393489120399320e-17
 -7.3843377135077103e-18
  1.4123473794669137e-18
 -7.1950936249261966e-18
  1.2037912100688151e-17
  3.4599912740958181e-18
 -3.5104421279040249e-18
 -2.8973173061242167e-18
  4.9292101588505613e-18
 -6.3634715479057626e-18
 -2.2231164696964759e-18
  4.9423849975064126e-18
  3.9047113937206593e-18
 -8.9055412115400676e-18
 -6.0233668768044527e-18
  1.3889167208090371e-17
 -8.8584815211642183e-18
  3.7660056589808633e-18
 -6.6963362505659676e-19
  7.5987140115941649e-19
 -3.0715772873116423e-18
  9.1186353938213411e-19
  3.5291437213002902e-18
 -2.6089744538712444e-18
 -1.5767601456427638e-18
  2.8363829073347609e-19
  4.8486672729862563e-18
  1.2340840638361594e-18
 -3.8905960703446609e-18
  7.8538274281316363e-19
 -6.0786023101102814e-19
  1.0459543641199574e-18
  4.1535823503448272e-18
 -4.0459223245873915e-18
  3.5852727233685176e-18
 -5.9783441209585402e-18
  3.7002495461411009e-18
  1.5508433697093284e-18
  2.7917725909235837e-18
 -1.2871034331236424e-17
  1.1806010923358157e-17
 -7.5782745910508897e-19
 -2.3501247071303658e-18
 -3.5663864927899263e-18
  5.1309919606557649e-18
 -2.7508326902256656e-18
  2.2674748496939895e-18
 -7.6908118184180488e-19
  4.6884784265001345e-19
 -2.4906679152185597e-18
 -2.7519147855520536e-18
  4.3173956301512762e-18
  2.9553425911094934e-19
  4.5627598472628373e-19
 -4.0080283453299356e-18
  5.9035043237755315e-18
 -5.5905939153423365e-18
  2.5403340740139444e-18
 -2.1455467986007526e-18
  4.0555757978376679e-19
  2.7583909354343808e-19
