                     128
                  0.9000
      0.6267890062732586
  2.8936822903176860e+00
  6.1881273811610829e+00
 -5.3072267929123629e-01
  8.7204360702413086e-01
 -1.3201928206837454e-01
  2.0206023280134541e-01
 -3.3769070677974009e-02
  5.4436882191609193e-02
 -9.4163194348199069e-03
  1.6091915348488264e-02
 -2.8493748728198936e-03
  5.0529735059520004e-03
 -9.1354962969423441e-04
  1.6524234938366249e-03
 -3.0479463353250022e-04
  5.5610782678861101e-04
 -1.0459192724145848e-04
  1.9115299644293672e-04
 -3.6627722738141517e-05
  6.6768943003501602e-05
 -1.3019026950931226e-05
  2.3614323521575684e-05
 -4.6788930204199063e-06
  8.4343063654277347e-06
 -1.6957491635197100e-06
  3.0364079005853270e-06
 -6.1870453488895963e-07
  1.1002340048583838e-06
 -2.2701105590810755e-07
  4.0082477308356278e-07
 -8.3713258575074728e-08
  1.4669265061951455e-07
 -3.1016554059589392e-08
  5.3897066855827694e-08
 -1.1544506701839410e-08
  1.9870214002782299e-08
 -4.3159469943293643e-09
  7.3475929019363297e-09
 -1.6202964694390912e-09
  2.7243256554017418e-09
 -6.1061544262701950e-10
  1.0126239711351946e-09
 -2.3086230990516022e-10
  3.7727249732282204e-10
 -8.7510340845015111e-11
  1.4087667012998625e-10
 -3.3230111039198200e-11
  5.2721432544071604e-11
 -1.2633855451565918e-11
  1.9782220761722351e-11
 -4.8111407228292802e-12
  7.4390608465624616e-12
 -1.8314883817715386e-12
  2.8018883413985638e-12
 -6.9187562983876341e-13
  1.0555782288453042e-12
 -2.6116868399046556e-13
  3.9795575164730032e-13
 -1.0096374973884534e-13
  1.5474898026403134e-13
 -4.0901499568668139e-14
  6.0052162275523829e-14
 -2.0498795207361451e-14
  3.0038339326715282e-14
 -1.5127801093095046e-14
  1.8570262325819402e-14
 -9.9086043363993999e-15
  6.9915581943502735e-15
 -3.2805771973207726e-16
 -1.2933489188972448e-15
  1.8504853998202476e-15
 -3.9818871262501010e-16
 -2.3814943020918548e-15
  3.2668146022262356e-15
 -1.9715147149040298e-16
 -1.3034358297312695e-15
  2.5506484405651171e-15
 -1.1384415313859246e-15
  1.8454716889105634e-15
 -2.2423072554131111e-15
  3.3760808781939180e-15
 -4.3377139071804345e-15
  4.4848883506074250e-15
 -2.4613773347968039e-15
  9.6404553747595155e-16
  2.6911252484277277e-15
 -3.3063245441869420e-15
  2.7565034596682500e-15
 -2.6229556535831217e-15
  1.8784276326815162e-15
 -2.5566328875388890e-15
  1.1789181925648157e-15
 -3.5203429635642583e-15
  2.8712879476334565e-15
 -2.9111091194879972e-15
  1.1546591999117681e-17
  9.9424289904905700e-16
 -3.1444435120032804e-16
  6.8074574904207974e-16
  2.7672356421499390e-16
  2.3156595379731122e-16
  2.3943858501346118e-16
  7.1239584392236972e-16
  5.5632550891040020e-16
  6.5618041050774112e-16
  1.5744886902601201e-15
 -3.2667371274819375e-16
  1.1990724809514044e-16
  1.5209505290997585e-15
 -8.1524067596629080e-16
  9.7093791906621858e-16
  2.5241571707170991e-16
 -3.7097624670166331e-15
  4.7779714584555385e-15
 -5.7639353438729730e-15
  5.5559781096055036e-15
 -2.8246683404957672e-15
  1.9823259586683388e-15
  4.9775292600727531e-17
 -1.3001719437622185e-16
 -3.5292157027872264e-16
 -4.2422435699039114e-16
 -5.8798648414218571e-16
 -5.7786758501745010e-16
 -3.6799870024801777e-16
 -8.9755101495417150e-16
  8.2980512058892417e-16
  9.2073072671756569e-16
