                     128
                  0.4500
      0.2377143222786943
  2.1753530067177571e-01
  1.8219797899464185e-01
 -4.8963656940176859e-03
  3.1147538516549662e-03
 -1.4634932578907377e-04
  1.0644624159609842e-04
 -5.1746191363847481e-06
  4.3362406538322819e-06
 -2.1509799058493102e-07
  1.9008121883012142e-07
 -9.9527734496087911e-09
  8.7067444049618175e-09
 -4.8717663647053891e-10
  4.1182243982394210e-10
 -2.4489055713315151e-11
  1.9975148586663376e-11
 -1.2467334154337982e-12
  9.8840333738731403e-13
 -6.3857129826080951e-14
  4.9666864992234940e-14
 -3.2520208213754936e-15
  2.4733070659248965e-15
 -2.1416565537119227e-16
  2.0920061381272037e-16
  5.7128768807191457e-17
 -1.2728487341965511e-18
 -1.1422509513787669e-16
  4.0938738644002201e-17
  1.3307411542969693e-16
 -1.0262343926022700e-16
  7.8732077078355049e-17
 -1.1262668398330524e-16
  3.2066606583543965e-17
  4.7374734214039494e-17
  8.2696566174659021e-17
 -4.6286678854021778e-17
 -3.6295188744012247e-17
  1.1682892902146396e-17
 -2.7984104501083504e-17
  3.7330009613027592e-17
 -4.2005796980459002e-17
  1.0939772534033607e-17
  5.4185012738432331e-17
 -8.7060754591262116e-17
  1.5190469786337882e-19
  2.9426073779803445e-17
 -1.1240067752834011e-17
  4.0060224154524188e-18
 -7.1337395422968844e-18
  3.0120420094771883e-17
  4.2174887492227315e-18
 -2.8692226097963895e-17
 -9.9502897288362040e-18
  1.0869522356830230e-17
  4.7259331826083647e-18
 -3.3169200034178040e-17
  6.3523088925227632e-17
 -1.0357347567266366e-16
  8.9310957870277988e-17
 -2.5035177708288259e-17
 -3.3466567773960700e-18
  5.9634950655946955e-17
 -8.8012349100454805e-17
  6.2415378054358966e-17
 -7.0906886667055546e-17
  6.3814126011369174e-17
  6.0827587078614057e-18
 -2.0897544325314535e-17
  1.1899673247480137e-17
  2.0074449600843024e-18
 -2.6311641823709869e-17
  1.2480504436430340e-17
 -2.5703142595186402e-17
  5.2889639124415694e-18
 -1.4567082167369592e-17
  4.7121934589462892e-17
  1.2786474660942260e-17
 -2.6982291849645200e-17
 -3.2856778452945249e-17
  5.7682853602110137e-17
 -1.4173708276098432e-17
 -1.7473613893680173e-18
 -1.4755989539843431e-17
  1.1515481968032006e-17
  2.6694419237082796e-17
 -1.2873564062833934e-17
 -1.3840727452925230e-17
 -9.0895018874361030e-18
 -3.3750597136969068e-18
  1.3462340505131302e-17
  1.8639670093069714e-17
 -4.8037840616962081e-18
 -1.0857419195391867e-17
  1.5572068817122002e-18
 -3.1155928864645590e-17
  6.0656644795652974e-17
 -2.7484702738725626e-18
  3.5003409326395769e-18
 -2.3269084818445485e-17
 -1.5024259187595559e-17
  1.3116944948277015e-17
 -7.6440628642753769e-18
 -8.5293213564600199e-18
  3.9145770124729783e-17
  9.1893592831011306e-18
 -1.6763915198833954e-17
 -3.1522947807079913e-17
  1.4782426033976725e-19
  1.3537644268771152e-17
  1.8331303260674714e-17
  1.4233785470538516e-17
 -2.5397580573529903e-17
 -1.6395669696935438e-17
  3.6978167480390689e-17
 -5.8342071187348173e-18
 -2.6148870840649670e-18
 -1.2130207680790180e-17
  1.8167982712792888e-17
  2.4535836828047256e-17
 -2.3362218867160482e-17
 -1.0060803985304648e-18
 -3.7874326729207532e-18
 -1.0319863783352214e-18
  2.8464601185282081e-18
 -4.9972300289221929e-18
 -1.4862901479293939e-18
 -7.6335026032140168e-18
  1.8416240725831607e-17
