                     128
                  0.6500
      0.0000000000000000
  5.6473730865435590e-01
  5.9064325984735377e-01
 -2.2096673194880975e-01
  1.0288278364512961e-01
 -5.2093440395820936e-02
  2.7590877208645462e-02
 -1.5055610317646715e-02
  8.4013404692575913e-03
 -4.7725097718718055e-03
  2.7509790243690508e-03
 -1.6050252587129674e-03
  9.4593902835191741e-04
 -5.6225611680322813e-04
  3.3661549690727408e-04
 -2.0277313855183377e-04
  1.2279946502625946e-04
 -7.4712477204827492e-05
  4.5640919691677195e-05
 -2.7981827385353307e-05
  1.7210252320944354e-05
 -1.0615573171601509e-05
  6.5648022908792819e-06
 -4.0692669439048271e-06
  2.5277588554604891e-06
 -1.5732598149910440e-06
  9.8093648730548149e-07
 -6.1262615478299077e-07
  3.8318631471695669e-07
 -2.4001360254604485e-07
  1.5053236095056517e-07
 -9.4526422850496456e-08
  5.9425239325503642e-08
 -3.7398261648958795e-08
  2.3559495332069697e-08
 -1.4855543774218302e-08
  9.3755192423065243e-09
 -5.9219472834445092e-09
  3.7434860289191402e-09
 -2.3681651646978706e-09
  1.4991838488922658e-09
 -9.4970628705648651e-10
  6.0200602899868812e-10
 -3.8183539623645397e-10
  2.4232737745128085e-10
 -1.5387513707611193e-10
  9.7760460509337846e-11
 -6.2140725751278833e-11
  3.9518444369055519e-11
 -2.5143580900596813e-11
  1.6004747001071335e-11
 -1.0192048547081016e-11
  6.4930191368231240e-12
 -4.1381148624695898e-12
  2.6381366445565857e-12
 -1.6824228607635234e-12
  1.0732780370487438e-12
 -6.8495632806944697e-13
  4.3734790510843194e-13
 -2.7936647095030874e-13
  1.7846712379123629e-13
 -1.1395478587302032e-13
  7.2594787991051963e-14
 -4.6244719222396578e-14
  2.9368851590617778e-14
 -1.8648435348416321e-14
  1.1793455621200532e-14
 -7.4437885107885379e-15
  4.6846991284676061e-15
 -3.0389172978159106e-15
  2.0792724583156217e-15
 -1.4643381848351233e-15
  1.0040147450210321e-15
 -7.6883425078644338e-16
  8.0411014360361950e-16
 -7.2787517630104501e-16
  5.5245492399568899e-16
 -3.2084794462968034e-16
  1.3930548920935658e-16
 -4.0298915430547347e-18
 -1.0972388627242064e-16
  7.4253073574751012e-17
 -5.5307410244293832e-17
  4.9745039920450256e-17
 -2.8815020465796778e-17
 -8.1745971885615142e-18
  1.3340381835664916e-16
 -7.5304786370753292e-17
 -3.8796379283523019e-17
 -3.3701145342191616e-17
  9.9418939929432980e-17
 -5.5004649649566152e-17
 -9.3374292422193656e-18
  6.6454623919519386e-17
 -6.2087056200834763e-17
  4.3993970882872049e-17
  7.4791897740669464e-17
 -2.1779414467048016e-16
  2.4722559263092200e-16
 -2.0549727182948005e-16
  9.0497599282794318e-17
  7.6887509614213893e-17
 -2.2067151400791691e-16
  3.0409096698026215e-16
 -2.6549537349087055e-16
  2.1409445878341662e-16
 -1.6346474125379702e-16
  2.1961624268821481e-16
 -2.1352992128497410e-16
  1.6117730407892411e-16
 -8.4290739070846789e-17
  5.2349828644533620e-17
 -9.1749767977078231e-17
  1.5883680553535870e-16
 -2.1715633329484839e-16
  1.6970155731961876e-16
 -7.0184174453684563e-17
 -1.5882053900081969e-17
  1.8722226326338691e-17
 -3.6071504768464924e-17
  6.8943316848577288e-17
 -1.1735016719970096e-16
  1.4635457023204784e-16
 -1.6249878093622880e-16
  1.6571736143351995e-16
 -1.8900020028517053e-16
  1.7145397668785165e-16
 -9.1817273076985566e-17
  2.9200442772233611e-17
