                     128
                  0.5000
      0.0000000000000000
  2.7814117251574183e-01
  2.3675575948967106e-01
 -6.6992137885539399e-02
  2.3353791246037894e-02
 -8.8801417594664544e-03
  3.5611661266951818e-03
 -1.4824442869683754e-03
  6.3426620229912664e-04
 -2.7704017562381111e-04
  1.2295665360108945e-04
 -5.5265408947370698e-05
  2.5095692979104526e-05
 -1.1492431392227998e-05
  5.3003023525099756e-06
 -2.4592710357121493e-06
  1.1470062101873049e-06
 -5.3738577399362956e-07
  2.5277173788894023e-07
 -1.1931497885895071e-07
  5.6496290809199623e-08
 -2.6826463610267562e-08
  1.2770444961871441e-08
 -6.0931949352751375e-09
  2.9133430403509455e-09
 -1.3956231302325131e-09
  6.6974067802245831e-10
 -3.2191945119620950e-10
  1.5496608030981615e-10
 -7.4701183995628592e-11
  3.6055966581270861e-11
 -1.7424038208793303e-11
  8.4296347758089166e-12
 -4.0824626758015787e-12
  1.9790325999091654e-12
 -9.6021962981244745e-13
  4.6630994285417453e-13
 -2.2664773215988090e-13
  1.1024887764644875e-13
 -5.3647662246275769e-14
  2.6099205938686412e-14
 -1.2692925431493048e-14
  6.1733988938812579e-15
 -3.0169278342033936e-15
  1.4838673633983133e-15
 -7.2465237733329754e-16
  3.4959985664670930e-16
 -1.7717513502455284e-16
  9.0048841507809965e-17
 -4.1997463358271549e-17
  1.7816324002691113e-17
 -1.7046970505529978e-17
  2.5605838788180272e-17
 -1.6214060812639914e-17
 -1.1386126272934633e-17
  2.2490745324229682e-17
 -1.9941872804528849e-17
  1.9040444577530205e-17
 -7.8954625366501016e-18
 -8.8604511896841168e-18
  1.4683582966379517e-17
 -1.0338450047816379e-17
  9.9385783462948893e-18
 -1.0352993973428595e-17
  1.2830761636822988e-17
 -1.6796920174090912e-17
  6.8283009821236080e-18
 -6.6547497908628690e-18
  1.8568123264100994e-17
 -1.4570927524617971e-17
 -1.2773708565275530e-17
  2.0787697936391649e-17
 -8.9418699613972512e-18
  1.0751090207969203e-18
 -7.5818606211661135e-18
  1.9313827627490585e-17
 -1.2159339475941463e-17
 -1.0107779428006903e-17
  1.9800431218685148e-17
 -3.1139155178524058e-17
  2.1161251674051494e-17
  5.0489016230936918e-18
 -1.0348151628448918e-17
  5.9752833432021920e-18
  7.3481683342483583e-18
 -1.6049179657329161e-17
  1.2289833057518451e-17
 -6.4186358766738079e-18
 -2.8229285401053924e-18
 -3.4227194673885965e-18
  6.4915681787193043e-18
 -3.6434763090590196e-18
  1.9393171460001603e-19
  8.5258346764693314e-18
 -1.3101570240690800e-17
  1.9027010624613637e-17
 -1.1308709763662811e-17
  8.5219067689590888e-19
 -5.7452031578865468e-18
  1.3673162332926267e-17
 -1.6317780513554605e-17
  2.0926509731164057e-17
 -1.3142533172563865e-17
  3.5858320566610450e-18
  1.3928159650854253e-18
  5.6488671708440500e-19
 -6.2422378584566897e-18
  1.3489319281172068e-17
 -1.5486902672444153e-17
  5.0574838445560105e-18
  1.0711833320925533e-17
 -9.5597491313349153e-18
  3.2442668842530922e-18
  3.2553961505236718e-18
 -7.1385747019460783e-18
  2.6472198010049667e-19
  2.6986695859549818e-18
 -7.8657087838437610e-18
  1.1983213018326247e-17
 -6.0089828921538580e-18
  1.3424602673904080e-19
  3.9086253861339527e-20
  1.6915650757818717e-18
 -4.7946026974386560e-18
  9.0677282563716515e-18
 -2.2446773701078977e-18
 -6.8050535457569197e-18
  1.7002746838505400e-18
  1.6519641040480502e-18
