                     128
                  0.6000
      0.3333333333333333
  4.4545835644332271e-01
  5.0223865856618577e-01
 -2.3743960724411945e-02
  1.8014581023635325e-02
 -1.2005478888853403e-03
  1.1906523173719160e-03
 -9.2140065463179035e-05
  9.2664042944847784e-05
 -7.9836534872400117e-06
  7.9065147968392414e-06
 -7.2344356735465004e-07
  7.1364044166870677e-07
 -6.7614201317025520e-08
  6.6774693059464425e-08
 -6.4823320108938211e-09
  6.4042023240730707e-09
 -6.3442027159509697e-10
  6.2543957014079742e-10
 -6.3104238982271262e-11
  6.1945016179566844e-11
 -6.3595095511371544e-12
  6.2050037455414295e-12
 -6.4545018996886347e-13
  6.2862781298563890e-13
 -6.7815396363121085e-14
  6.3127987133281920e-14
 -6.3768094335564458e-15
  5.8726326860453792e-15
  7.1295904621135334e-16
  1.0285678371819889e-15
 -1.7217734190269532e-15
  3.2311731203670091e-16
  1.9800157414469430e-16
  6.6699363962865828e-17
  2.8497727876572914e-16
 -3.3546222492870327e-16
  5.0712056755281004e-16
 -4.1850113337057840e-16
  2.2994387328490678e-16
 -7.8915676265604672e-16
  2.9833926421242431e-16
 -2.8498961340559693e-16
 -3.4976532560742942e-16
  2.0209851936007223e-16
  1.2075613519592978e-15
 -9.2002705696238283e-16
 -5.2532984297832880e-16
  1.0409207136624171e-15
 -9.2583125279223320e-16
  8.2221777600034089e-16
  2.8727973492483995e-17
  4.0057149406894440e-16
 -8.6980714840262485e-16
  3.0224859291578767e-16
  6.4893716717813998e-16
 -3.8427203774476171e-16
 -3.2222213990700232e-16
 -1.9623932345689295e-16
  3.8509602074473026e-16
  2.4749514192556240e-17
 -3.9710718539405138e-16
  5.7672265194030511e-16
 -4.1366473796439929e-16
 -3.3191248081344166e-18
  3.2447454790582308e-18
  4.1041589639284754e-16
 -3.5308125924959486e-16
  1.6996823946231892e-16
 -3.7390705375445838e-16
  1.1924680568947719e-15
 -5.9901033089206776e-16
 -5.1292894423872835e-16
  1.8412180881536441e-16
 -8.7560337738761893e-17
  8.1317952680137612e-16
 -4.3483320958389502e-16
 -2.9208052803084591e-16
  7.4501424497397457e-17
 -1.8654094865950118e-16
  3.0120663079989375e-16
 -2.8712721092205465e-17
  2.7256850398712260e-16
 -2.6510679328010955e-16
  1.3283329751121290e-16
  2.1061994953670225e-17
  1.1262583791708494e-18
  1.0762845693422148e-16
 -1.1983474531055339e-16
 -5.4940265271078494e-16
  6.7593606042482962e-16
 -7.5686171887633856e-16
  1.2080076078511675e-16
  2.2017450909369956e-16
 -2.2453940504021022e-16
  3.9188805130631392e-16
 -3.9935424249902901e-16
  4.4022251124014794e-16
 -2.3530142264352440e-16
  1.1974557345428665e-18
  2.0586763050097791e-16
 -3.5742276669053887e-16
  4.0028709767999693e-16
 -3.7301120572866047e-16
  3.4757178782469073e-16
 -2.1014477585651976e-16
  2.2621172579294313e-16
  2.4116979524496574e-18
 -5.3332427511927318e-16
  5.2417614923071041e-16
 -2.7369525113174143e-16
  2.8238780213083858e-16
 -8.6662165518780290e-17
 -1.6421718274424894e-16
  7.3790358129123964e-17
  1.9751583275752568e-16
 -2.4945235264104134e-16
 -1.4484822072163842e-16
  3.1346414034858680e-16
  2.6349090142361281e-17
 -1.5874610413577485e-16
  4.2487687158128163e-16
 -6.0488006779785896e-16
  3.7460807800572762e-16
  2.1834696651715765e-16
 -2.9295153273985422e-16
  7.8669924543041442e-17
  3.0821816622938178e-17
 -7.0980466388596488e-17
