                     128
                  0.9000
      0.0000000000000000
  2.8936823035805874e+00
  3.9953839477609332e+00
 -2.0120999129364936e+00
  1.2888735158843936e+00
 -9.1341002207946476e-01
  6.8407303036411515e-01
 -5.3022065349045633e-01
  4.2058015572793450e-01
 -3.3913074711088692e-01
  2.7678870954764206e-01
 -2.2800243984778074e-01
  1.8917640957697551e-01
 -1.5787189139463867e-01
  1.3237158911897537e-01
 -1.1142838441859788e-01
  9.4113214634549788e-02
 -7.9719141286782258e-02
  6.7698681864363716e-02
 -5.7621581194679243e-02
  4.9145559688536580e-02
 -4.1995543784612954e-02
  3.5948588510801523e-02
 -3.0822712867963356e-02
  2.6468485235027362e-02
 -2.2762581557990658e-02
  1.9602785753895523e-02
 -1.6904062890076271e-02
  1.4595443016867002e-02
 -1.2617526337542850e-02
  1.0920470671160580e-02
 -9.4623574738963694e-03
  8.2078578991813724e-03
 -7.1271386725213891e-03
  6.1949610371461990e-03
 -5.3899361040844144e-03
  4.6939075769790667e-03
 -4.0914386818281601e-03
  3.5693846795913759e-03
 -3.1165359050056422e-03
  2.7233190952503871e-03
 -2.3815470205315820e-03
  2.0842082332152082e-03
 -1.8252902088861354e-03
  1.5996303345005977e-03
 -1.4027901615631558e-03
  1.2309491294660287e-03
 -1.0808146097363474e-03
  9.4954565291064026e-04
 -8.3468825742937891e-04
  7.3412034149820417e-04
 -6.4600489810253227e-04
  5.6875006144887108e-04
 -5.0097501912765277e-04
  4.4148087564145329e-04
 -3.8922571566433724e-04
  3.4330323444770755e-04
 -3.0292440222681489e-04
  2.6740171266619245e-04
 -2.3613563504578045e-04
  2.0860294833652013e-04
 -1.8434668439299602e-04
  1.6296744876987497e-04
 -1.4411592244398396e-04
  1.2748637704053595e-04
 -1.1281106092834030e-04
  9.9855334492436623e-05
 -8.8413450621212838e-05
  7.8304891494198112e-05
 -6.9371185510463284e-05
  6.1473139068938981e-05
 -5.4488427143143498e-05
  4.8309494476846358e-05
 -4.2841725952676003e-05
  3.8001850425107374e-05
 -3.3716547233603796e-05
  2.9921228816047639e-05
 -2.6558976460719925e-05
  2.3579609331016507e-05
 -2.0938869562445593e-05
  1.8597708527903145e-05
 -1.6521661337416331e-05
  1.4680298346236108e-05
 -1.3046743909141829e-05
  1.1597253893623538e-05
 -1.0310844561764727e-05
  9.1689663761088088e-06
 -8.1552171206832444e-06
  7.2550894281881806e-06
 -6.4557484437815670e-06
  5.7458358823657603e-06
 -5.1152972186762354e-06
  4.5552291568071101e-06
 -4.0577448923139654e-06
  3.6158549922415553e-06
 -3.2233620021965764e-06
  2.8747671362278343e-06
 -2.5651876184870344e-06
  2.2902834458858968e-06
 -2.0461925068411691e-06
  1.8294731459555505e-06
 -1.6370533949600389e-06
  1.4661862147320938e-06
 -1.3144101856704258e-06
  1.1795151808658609e-06
 -1.0595126256435235e-06
  9.5261000426593432e-07
 -8.5718932440588945e-07
  7.7178927638503590e-07
 -6.9509084328510266e-07
  6.2590611467229138e-07
 -5.6317004902364201e-07
  5.0593489791393538e-07
 -4.5336696808296524e-07
  4.0474533951097517e-07
 -3.5946210201218464e-07
  3.1702359687529884e-07
 -2.7705207755253031e-07
  2.3928713422391618e-07
 -2.0358615422978962e-07
  1.6992303736030024e-07
 -1.3838434917980969e-07
  1.0916208691825967e-07
 -8.2542255425314643e-08
  5.8888524407570641e-08
 -3.8620345830373575e-08
  2.2185070771874760e-08
 -1.0023731661244125e-08
  2.5300297389557518e-09
