                     128
                  0.7000
      0.0000000000000000
  7.2318802644718372e-01
  8.0190187206372909e-01
 -3.2309955106258387e-01
  1.6287178836367722e-01
 -8.9512066096225432e-02
  5.1455386475451483e-02
 -3.0427505537048954e-02
  1.8363970528414625e-02
 -1.1262677362747438e-02
  6.9995691189696785e-03
 -4.3990616862180287e-03
  2.7912351043250100e-03
 -1.7856387367921485e-03
  1.1504325048304280e-03
 -7.4574101451640236e-04
  4.8599288423125254e-04
 -3.1819864137694055e-04
  2.0919498118238540e-04
 -1.3803368942016397e-04
  9.1375069602564528e-05
 -6.0664259124629916e-05
  4.0380866501582207e-05
 -2.6943153822364784e-05
  1.8015995503854446e-05
 -1.2070469213266256e-05
  8.1016818440039341e-06
 -5.4468940965197158e-06
  3.6676691452039332e-06
 -2.4731458436452367e-06
  1.6698743517428315e-06
 -1.1288936049509097e-06
  7.6405033470914642e-07
 -5.1767676262183719e-07
  3.5110265228614922e-07
 -2.3835370832071181e-07
  1.6195636604659044e-07
 -1.1013882717119887e-07
  7.4959901564287105e-08
 -5.1055808222489783e-08
  3.4799403636105807e-08
 -2.3735215761989548e-08
  1.6199242510436165e-08
 -1.1062743525000302e-08
  7.5593601306373462e-09
 -5.1683221621464190e-09
  3.5354571731085072e-09
 -2.4197073546707507e-09
  1.6568833648687556e-09
 -1.1350730516829619e-09
  7.7794727052620177e-10
 -5.3341252202557277e-10
  3.6589447442216248e-10
 -2.5108468435875461e-10
  1.7236524673343719e-10
 -1.1836932764242820e-10
  8.1317154338614664e-11
 -5.5882537803414579e-11
  3.8415888716610643e-11
 -2.6416637918080164e-11
  1.8171105881543528e-11
 -1.2502853722526062e-11
  8.6051291138777069e-12
 -5.9238297211989311e-12
  4.0786835024808202e-12
 -2.8089232718479802e-12
  1.9350928369447025e-12
 -1.3333875742837436e-12
  9.1855513599278130e-13
 -6.3169017544675872e-13
  4.3377235856598381e-13
 -2.9796897629191860e-13
  2.0488072283417660e-13
 -1.4151170665110116e-13
  9.8082297658414090e-14
 -6.7692673710619110e-14
  4.6280176755854005e-14
 -3.1435847913618146e-14
  2.1461378752775336e-14
 -1.4579967323478068e-14
  9.8111190330650782e-15
 -6.2673675664485107e-15
  3.9448457416572975e-15
 -2.1846440323892341e-15
  1.3918984916875927e-15
 -1.0731282419207505e-15
  1.0396045732851463e-15
 -6.7346824221053242e-16
  6.7229333481599022e-16
 -9.5237462328831628e-16
  1.1733251247258864e-15
 -1.5276337453728694e-15
  1.4067955035772159e-15
 -1.4361050627323953e-15
  1.4321858204194855e-15
 -1.1502732860941981e-15
  8.0447114608539296e-16
 -2.6126532611673561e-16
 -8.3309520531839229e-17
  3.3207327038830662e-16
 -5.7188810958227631e-17
 -5.0017982924752630e-17
  6.1923732857640097e-17
 -2.6752934064959378e-16
  2.5314409671947229e-16
 -2.0165430219997258e-17
 -4.1864302577291673e-16
  1.0755309076262656e-15
 -1.4593765084531269e-15
  1.4772009848470322e-15
 -1.5094142818758949e-15
  1.5072042397823467e-15
 -1.3102354431583133e-15
  1.4949358761192995e-15
 -1.4477439897410834e-15
  1.6278428172521091e-15
 -1.5867075415398491e-15
  1.0939656535022039e-15
 -5.4067911208734105e-16
  8.8523752084661402e-17
  2.4739335148128795e-16
 -1.0948648206180786e-16
 -2.1832842866148372e-16
  4.1840455038031125e-16
 -5.0298002989675638e-16
  4.5858983344076066e-16
 -2.1083993881927412e-16
  2.7476716045327479e-18
  5.7435638074664658e-18
