                     128
                  0.1000
      0.0501256289338003
  1.0001985238346450e-02
  1.9859873201385023e-03
 -9.6307914550626057e-07
  1.6322419646274943e-06
 -2.3311805106257971e-09
  2.4174863578879842e-09
 -5.6351963099443269e-12
  4.2673515924895770e-12
 -1.3615600879203395e-14
  8.2094676837360185e-15
 -3.0421437355145561e-17
  1.3426449628528902e-17
  2.3264009900502404e-18
 -7.6561496048547538e-19
  8.8909927293753610e-19
  1.3220470812499674e-18
  1.0221811248868863e-18
 -9.5951806992947999e-19
 -8.5529227355756362e-19
 -3.0194757093315909e-19
 -3.3521562215576955e-19
 -5.1322742832872592e-19
 -6.8989724911722139e-19
 -8.3920831999652979e-19
  8.2327914734022312e-19
  1.6825305387869671e-19
  9.6935908176414207e-20
  3.7954022452712148e-19
 -6.4898171043789320e-19
 -1.3555108089642427e-19
 -2.6351149450458997e-19
  8.6029562366477817e-19
 -3.6486884102203119e-19
  9.1699725504367234e-19
 -1.0364956902730659e-18
 -7.3018630832728790e-20
 -2.3748544810978876e-19
 -2.6398032015140996e-19
  5.5669526827170635e-19
 -3.0332627170399677e-19
  5.7813890823893169e-19
 -1.2809550453049289e-19
 -7.0409047375598280e-19
  7.6585602161847408e-19
 -4.0605698138189723e-20
 -1.9780707273934670e-19
  4.3776158342246175e-19
 -1.5140742557573682e-18
  2.5698864685590967e-19
  1.3380755428010777e-19
  5.6863723566195627e-19
 -1.3393083641169310e-19
  2.8900937409757433e-19
  6.2795976776629626e-21
 -2.3634758212486679e-19
 -1.1719422176702542e-20
  4.9555654723807370e-19
  1.6559839535954541e-19
 -2.2066016819033286e-19
  3.8201446156509723e-19
  5.0362062072821680e-20
  1.9735050030201249e-19
  5.6435527489589602e-20
 -3.9259013511941846e-19
  1.0656398435819300e-20
 -1.8604051867962677e-19
 -5.0642543148175556e-19
 -1.4384371269635994e-19
  6.5886608664883933e-19
  1.4052373636705885e-19
 -1.5675472443890904e-19
  9.2487166946365552e-21
 -3.3426288214080748e-19
 -6.8261524946928959e-20
 -4.9608540634404995e-19
 -1.0715716213240314e-19
  1.0524609149504361e-19
 -7.0965485141462553e-20
 -3.6214723611032674e-20
 -2.1703434299923921e-20
  1.0390456386958355e-19
 -1.8957251254755962e-19
  2.2971883722342056e-19
  4.2328407276701512e-20
  1.2966931706824866e-19
  3.8372611022324037e-20
  3.6023473133742164e-19
  3.6607779359419428e-19
 -4.6890011397398790e-20
 -3.5048858872443865e-19
  1.2745884340017284e-19
 -1.6116295472678877e-19
 -1.7024502861981861e-19
  1.7328259709437971e-19
 -1.1852301621559763e-19
  4.0204502806076178e-19
 -3.6986936061716055e-19
  4.6193927480078261e-20
  7.9737443789017314e-20
  1.1718470880578115e-19
  2.2168400809893394e-19
 -2.6069959708613768e-19
  2.2939345398158705e-19
  3.8394321238096217e-20
 -1.1241911009140440e-19
  7.4612274200252842e-20
 -7.8815330662893578e-20
 -3.3400364091948566e-20
  9.8802295328057648e-20
  1.6510975566625408e-19
 -9.2396266619849709e-20
 -2.0028624974981378e-20
 -2.4343256215457578e-19
  2.9940338228509484e-20
  3.2548579676997220e-19
 -3.5972567080177695e-21
  1.7455281150181809e-19
 -2.5708040011653014e-19
 -1.9224579145300895e-19
 -2.7771151853660371e-19
  1.6410863058879254e-20
  7.6300170980211810e-20
  1.9731593498009316e-19
  1.7499695740792769e-19
 -2.0389996544261158e-19
  6.2104413630595395e-20
 -3.7861915199969177e-20
 -1.4330363336201939e-20
