                     128
                  0.8500
      0.5567262498321918
  1.8167333258209690e+00
  3.3972233563680598e+00
 -2.7636649200656560e-01
  3.7573379195976403e-01
 -4.9991779698490640e-02
  6.7459428524767912e-02
 -9.8999321405793608e-03
  1.4413731306461213e-02
 -2.2358828635206046e-03
  3.3916950112957331e-03
 -5.4539999323185062e-04
  8.4512188312811090e-04
 -1.3958081429747576e-04
  2.1870649318066998e-04
 -3.6918927330211001e-05
  5.8146723644868185e-05
 -1.0003024702732131e-05
  1.5774695121876833e-05
 -2.7601362097277322e-06
  4.3469352914370911e-06
 -7.7240692549964476e-07
  1.2127877921896666e-06
 -2.1855073242136323e-07
  3.4176917763519022e-07
 -6.2381324139941402e-08
  9.7106957734217635e-08
 -1.7930979057558721e-08
  2.7780681924264872e-08
 -5.1836731614867043e-09
  7.9937518699878995e-09
 -1.5056887845329849e-09
  2.3116083562014052e-09
 -4.3912231803775318e-10
  6.7135154814309827e-10
 -1.2851654468012238e-10
  1.9571808555821154e-10
 -3.7730099057554194e-11
  5.7249670298377572e-11
 -1.1108343575585848e-11
  1.6796622157062115e-11
 -3.2791207990180150e-12
  4.9414029876623152e-12
 -9.7043975590342355e-13
  1.4572715716394483e-12
 -2.8790528317520879e-13
  4.3074957353721198e-13
 -8.5698062323284677e-14
  1.2761545517517807e-13
 -2.5522718958574829e-14
  3.7794322720798189e-14
 -7.6225886283795718e-15
  1.1268407885657826e-14
 -2.3283336795223682e-15
  3.2964690073329172e-15
 -6.2473863450442281e-16
  9.6969009262169892e-16
 -1.8876486028264753e-16
  2.8281559567324085e-16
  3.1707445516431285e-17
  5.5612656990836084e-18
  7.3935839664000212e-17
 -1.7128978558598610e-17
  2.6173969700668568e-17
  1.5071570563321016e-17
  5.0990942674868270e-18
 -6.8822283709865109e-17
  1.1846286118587195e-16
 -7.8684019201197864e-17
  4.0070677311043511e-17
  1.4441088745987356e-18
  6.1315766051047457e-17
 -1.1327043190537547e-17
  1.4643348067415388e-17
  2.7816310694309221e-17
 -5.7212044561350367e-18
  2.2164646498167063e-17
 -4.6768487908486815e-17
  5.8544479563575664e-17
 -4.1673505346555968e-17
  3.1770494780448997e-17
 -5.0243445602607665e-18
 -3.3922607668152300e-17
  1.0967326187371294e-17
 -2.3853825393410342e-17
  5.6362410730654362e-17
 -6.1611601787699561e-17
  3.4943706074005581e-17
 -1.9588200800044899e-17
 -1.2311248562862835e-17
  1.7510527656895033e-17
 -3.0026980729329486e-17
  3.3996552232686978e-17
 -4.0168404031470808e-17
  4.7881726790533592e-17
 -7.9842460657460031e-17
  7.5393107032799950e-17
 -5.5288862908985690e-17
  1.8869310987173807e-17
 -1.3099684593305337e-17
 -2.9795127561503048e-17
  2.3610209903368843e-17
 -5.8155008641989612e-17
  5.4628888341853884e-17
 -6.5174569310531819e-17
  6.2820099511533073e-17
 -4.2493689068364493e-17
  6.1918460820503999e-18
 -1.2582512959252574e-17
 -3.0879348570068460e-17
  2.6209418848230135e-17
  7.1299569752144118e-18
 -2.4012843222553252e-17
 -7.6514415779282683e-18
  4.6011000600622077e-18
  2.7775000462894845e-17
 -4.0783660021475925e-17
  6.4769439652120000e-17
 -6.0555267234844923e-17
  9.1584503928304632e-17
 -7.6001678552722795e-17
  6.2953958672233544e-17
 -3.4818340015437559e-17
  1.1446304494853406e-17
  4.8621612976388855e-17
 -3.1169914975490966e-17
  2.2663466864433725e-17
 -2.0673349529027741e-19
 -6.9221458669069875e-18
