                     128
                  0.4000
      0.0000000000000000
  1.6749782417750420e-01
  1.1903960506768588e-01
 -2.6302209312593527e-02
  7.1912898376902670e-03
 -2.1667057732091578e-03
  6.9310672160548801e-04
 -2.3079861668887081e-04
  7.9057349352837334e-05
 -2.7649260986840238e-05
  9.8248839641435073e-06
 -3.5351950136950821e-06
  1.2849884891155203e-06
 -4.7099473733949344e-07
  1.7385225485470686e-07
 -6.4556326533577199e-08
  2.4095303865637019e-08
 -9.0338273279023700e-09
  3.4003246726768942e-09
 -1.2843468641518768e-09
  4.8662407425039784e-10
 -1.8489085185701779e-10
  7.0425404467823220e-11
 -2.6886462108352443e-11
  1.0285851474542115e-11
 -3.9424861846232184e-12
  1.5137552302173251e-12
 -5.8215282004813649e-13
  2.2421448108818165e-13
 -8.6478926969922020e-14
  3.3394879953616079e-14
 -1.2904957734258331e-14
  4.9945526105952486e-15
 -1.9391391858442661e-15
  7.5146006951616377e-16
 -2.8760721096699641e-16
  1.0535405220365778e-16
 -4.7306955560067705e-17
  3.2454341227140953e-17
 -2.3541804787641853e-17
  6.1068394963203896e-18
 -3.7103908563425756e-18
 -1.3896329693109796e-18
  2.8634328090315111e-18
 -7.7124444301527514e-19
  1.1484369754196408e-17
 -6.6781251942229629e-18
  2.0059734127165466e-18
 -4.4955313456799433e-18
  6.9065072958745351e-18
 -7.1589939756003011e-18
  1.9173267518055919e-19
  2.3757396606082042e-18
 -5.0282590603218296e-19
 -1.2941895018395668e-18
  2.1745776390432012e-18
 -6.0120945886097188e-19
 -1.0940373631245932e-18
  6.9140504389592924e-19
  2.5851611925513941e-18
 -1.9157322564141677e-19
  3.5598671947644987e-18
 -2.2151604425308009e-18
 -2.7927138752733763e-18
  3.0515292287382275e-18
 -4.0625991382426636e-18
  4.0699101154270166e-18
 -3.1382944596813577e-18
  4.1987907266195531e-18
 -6.0147367471314732e-18
  2.8398190983571260e-18
  5.9325990869455720e-19
 -3.5529533459054976e-19
  3.6590002198357407e-18
 -3.2015967110852955e-18
  5.5283149059356545e-18
 -5.0713503069998695e-18
  1.2519092750686013e-18
 -1.4752603796237719e-18
  1.7118653556976205e-18
 -2.1670336939543272e-18
  2.0598252830124384e-18
  5.0879059323182510e-18
 -6.8166169708713486e-18
  1.6015597958384408e-18
  2.1221002976495845e-18
 -3.9118789456552099e-18
  2.6240596531071830e-18
 -5.7724389626941049e-19
  2.8025651687021426e-18
 -2.0361617538312908e-18
 -1.2752607004839883e-18
  1.1474443729511266e-18
  2.0997199962456391e-18
 -1.4055471081157638e-18
 -1.6782660230799957e-18
  3.1093792863020364e-18
 -4.6750891442673614e-18
  7.3509970265199940e-18
 -6.8687541921443877e-18
  2.7466801596821134e-18
 -2.4289068317481584e-18
  1.2549950462387453e-18
 -2.1034102905200691e-18
  3.9522892844431828e-18
 -3.8229483568181096e-18
  2.1787777106789038e-18
  1.6198354281947296e-18
  4.7174357748920266e-19
 -1.4242778765244444e-18
 -3.1241929860859568e-18
  3.1348419470227339e-18
 -7.7362713699140405e-19
  3.0345478615899184e-18
 -4.2638816704688633e-18
  3.0340577464764651e-18
 -1.7467068987222111e-18
 -1.3933612570009386e-18
  2.7891652431947182e-18
 -1.1154450968665361e-18
 -8.7339907833291338e-19
  2.7500811797370274e-19
  9.6431561359251108e-19
 -9.8100531454022563e-19
 -1.8481612240614214e-19
  4.7646912114209999e-19
 -1.5702780651084900e-19
  6.3182553051747764e-19
 -7.3521298316540972e-19
