                     128
                  0.3500
      0.0000000000000000
  1.2591344466776289e-01
  8.0026636484469602e-02
 -1.5239178144931129e-02
  3.6156261032243278e-03
 -9.5089045884594195e-04
  2.6610347492414879e-04
 -7.7558551553221855e-05
  2.3254180705594874e-05
 -7.1183806755646633e-06
  2.2138085613381804e-06
 -6.9714363826652439e-07
  2.2176360809028326e-07
 -7.1134198648242173e-08
  2.2977649912026354e-08
 -7.4665541889739059e-09
  2.4387340683235763e-09
 -8.0011036925367157e-10
  2.6353648797805380e-10
 -8.7104720489888954e-11
  2.8879464209270551e-11
 -9.6016236345891580e-12
  3.2002928170439950e-12
 -1.0691098294366460e-12
  3.5789909492851765e-13
 -1.2003849410650985e-13
  4.0330194395494172e-14
 -1.3573515712735950e-14
  4.5803806154092038e-15
 -1.5485358027864274e-15
  5.2424908486536507e-16
 -1.8050764548383983e-16
  6.0092925561990842e-17
 -2.2558813091349790e-17
  1.1056545285321185e-17
 -2.3311986114753955e-18
 -3.9493424712855766e-18
  2.7401819679236612e-18
  2.4598043642361707e-18
 -2.3368743464947333e-18
 -9.8078069347749057e-19
  4.2369724748231084e-18
  2.3824433932472255e-18
 -6.2056686712329754e-18
  3.1094730536145582e-18
 -1.8817179848623403e-18
  5.7947186976296740e-18
 -5.0171757764063165e-18
  3.5707920314391365e-18
  1.0113121779054803e-18
 -3.8102845844686075e-18
  2.9879686000306849e-18
 -1.7148309685497133e-18
  1.3302438199129155e-18
  4.6844292321290074e-19
 -2.4688955245053530e-19
 -1.2265081059537027e-18
  1.2228518998254797e-18
  1.5585044713569366e-18
 -3.6656172376845389e-18
  8.4754603359203638e-19
 -1.2804927872930868e-18
  2.7515171478134613e-18
  1.4210499292949292e-19
 -2.1875944551698446e-18
 -5.5411494109341697e-20
  1.1354147683532552e-18
 -1.8404836208778251e-18
  3.3918875606660633e-19
  3.4132026162122329e-18
 -3.6847694387862296e-18
  1.4229131876072550e-18
 -6.8026879398845601e-19
  1.1173401514257873e-18
 -2.1520036878496721e-18
  1.6476578015897725e-18
 -2.3698063965379265e-18
  1.0209423385394926e-18
  1.1539022024575586e-18
 -3.2449996389631304e-18
  1.7535967480737813e-18
 -1.9400957632783143e-18
  3.8574648869788040e-18
 -2.5514581727265244e-18
 -5.3162383445104496e-19
  1.2567339149992722e-18
 -2.9438721282844988e-19
 -7.1728877246955400e-19
  2.2882858404498415e-19
  2.4882149813742968e-18
 -1.0685752463053461e-18
  1.8709358234453543e-18
 -2.2324955057359488e-18
 -1.4438922533326307e-18
  1.0618604026658862e-18
  1.7693277087773140e-18
  2.1675623899087797e-20
 -1.4276695767770424e-18
  1.3202693534146363e-18
 -7.4073548268579874e-19
  1.1301277930709547e-18
 -1.5925368323496721e-18
  7.6961560890071057e-19
 -5.9544753872486738e-19
  1.3347422043308879e-19
  1.1531819301113493e-18
 -9.1838756231756365e-19
  5.9284154663335159e-19
 -2.4186454766368540e-18
  3.5943436057141180e-18
 -2.2877071855252370e-18
  6.0173277910927655e-19
 -1.3154501221864886e-18
  1.2804129706306865e-18
  6.8656991774255821e-20
 -1.0577460871334518e-18
  4.1043206981981260e-19
  2.0947247529342251e-19
  2.4803246671511195e-19
 -9.5274175306315188e-19
  1.1853399861676952e-19
 -8.5205103862021357e-19
  9.1912876156507778e-19
 -2.3672304268618880e-19
  6.9899414679105750e-19
 -4.6123670891547894e-19
 -6.3748369161226877e-19
  1.7600327295055189e-18
 -8.5372395047689410e-19
