                     128
                  0.2500
      0.1270166537925830
  6.2967853785296943e-02
  3.0330615995745904e-02
 -1.9728126482783479e-04
  1.4987290339865816e-04
 -2.5290072882977617e-06
  1.3806460048746295e-06
 -3.2352904322721797e-08
  1.5538491882496252e-08
 -4.1548783287015354e-10
  1.9373106355973018e-10
 -5.3715002017120005e-12
  2.5672960943319148e-12
 -7.0058550589954300e-14
  3.5373888583728417e-14
 -9.2582093994445192e-16
  5.0520312893179066e-16
 -1.7841811166162012e-17
  1.6683818601148662e-17
 -2.1725969313974604e-18
  3.8479899514974990e-18
 -1.6834990321006246e-18
  3.4476232113128421e-18
 -1.1095213003084404e-18
 -7.7215629208219618e-19
 -1.1459114104465926e-18
  3.9634045113883151e-18
 -3.8592160847351892e-18
 -3.4709881141821086e-18
  2.1960726230151997e-18
  5.6129592760548196e-19
  3.9377561170211064e-18
  6.3278803437562303e-19
 -1.9405678834602416e-18
 -1.7370799897925716e-19
  1.3149009321416335e-18
 -1.4594418388528451e-18
  1.2897031377058093e-18
 -9.4812770541315516e-19
  1.0346269753068138e-18
  4.4859823739018993e-19
  3.4081982962199118e-19
  7.9201520550555401e-19
 -1.2233492207740806e-18
  2.3977883466096685e-20
 -9.8580537347594852e-19
 -4.1256196207669574e-19
  1.8885362153222509e-18
 -1.5677427543344318e-18
  5.4422257455468597e-19
  1.1593326380576842e-18
 -2.5475091319986623e-19
 -8.3164022375187236e-19
  4.2471899110256930e-19
  2.1477948512151614e-18
 -1.0496975514936278e-18
 -6.1086710327797121e-20
 -1.0916503837633598e-18
  1.4463988782160394e-19
  3.5972210842711772e-19
 -5.4116471661472830e-19
  1.2162244977901812e-18
 -2.9277691151974247e-19
  2.6244174768907385e-19
 -2.7073391540477365e-19
 -2.7339229917423921e-19
 -1.1894544926839711e-19
 -4.7094587525578129e-19
 -3.6010928430737340e-21
 -7.6121572950327810e-19
  2.2809842637548646e-19
 -3.5911733697837469e-19
  2.2365925445225552e-19
 -5.1580711159212771e-19
 -1.7788943516032762e-19
  9.8286358290185137e-19
 -4.9501816376769932e-19
  9.0104872268143461e-19
 -9.5698711778887448e-19
 -1.8488737333343531e-19
 -1.1385026477407578e-19
  3.8431020315636589e-19
 -1.6447868006685843e-19
 -2.3127832285269733e-19
 -6.9167684680947495e-19
  1.4322862909488704e-19
  3.5038753276575680e-19
  2.2957271034747647e-19
  2.2938526903146461e-19
 -7.8768618264782650e-20
 -9.6535478927764295e-19
  4.3200031696936429e-20
  4.1313420653894447e-19
 -1.3754899759374332e-19
  8.4672887646475817e-19
 -9.2800061279500280e-19
 -2.2885943560297100e-20
 -1.2973278388649930e-19
  8.3928101580865532e-21
  5.1922769331036247e-19
 -2.7240209729544547e-19
  3.2148479737723290e-19
 -4.0041573753080175e-19
 -2.6416012572349265e-19
  2.9730029590105296e-19
  2.8016688954412610e-19
 -6.8974155434477032e-20
  6.2448287035439785e-19
 -8.7114312358719313e-22
  1.5177551975115254e-19
 -4.0614129937129885e-19
  3.5679337312826520e-19
 -4.5009772831450911e-19
  5.6886210580831101e-22
 -3.6281361298822820e-19
 -2.3205653290566650e-19
  2.2372824435924113e-19
  1.1433581019912364e-19
 -5.7964200553524658e-19
  7.7687335908072355e-20
 -4.3911367453443508e-19
  6.8687341204921553e-19
  2.4087249345760245e-20
  4.5611349422774816e-19
 -1.9179363097428192e-19
  9.3000341160075645e-20
  3.2371240498238971e-19
 -8.3042218041033802e-20
  2.4309531143165041e-19
