                     128
                  0.1000
      0.0000000000000000
  1.0001985238346438e-02
  1.9809133348409713e-03
 -1.0000858472937376e-04
  6.6683516336718510e-06
 -5.0012116470968666e-07
  4.0009370835508114e-08
 -3.3340959549918400e-09
  2.8577851722387965e-10
 -2.5005543670136036e-11
  2.2227102783434363e-12
 -2.0004474889701237e-13
  1.8185743062918096e-14
 -1.6691078932871972e-15
  1.5595622348598114e-16
 -1.2957068156667049e-17
 -9.1606436361066463e-19
 -1.3914280676038839e-18
  9.3377634955198600e-19
 -3.9683887357678031e-19
  2.0409627563505609e-20
 -5.7461049639103097e-19
 -6.8607004966289599e-19
  1.3370330130396388e-18
 -1.2554554001372692e-18
  2.6664450684254755e-19
 -4.2787284209655984e-19
  4.9418791201146971e-20
  1.0540051729805871e-19
 -4.0056612039687161e-19
 -1.3887559170846635e-18
  5.7489057872552722e-19
 -1.2229718840131912e-18
  6.2687074254929132e-19
 -5.6206890918204855e-19
  7.6759963287305760e-19
 -1.1270577973806848e-18
  1.3310483490883869e-19
  5.9702130639861819e-19
  4.3687991725222128e-19
 -2.1173921873380030e-19
  4.9507892015469084e-19
 -1.7020747160667529e-19
 -9.5715168862566618e-19
  8.1480663843602967e-19
 -3.1690251234435560e-19
  3.6892338250277785e-19
  3.0246827449522987e-19
 -2.5112854190531984e-19
 -2.3883940306832859e-19
  1.4780768381549967e-19
  5.6188550579947756e-19
  4.9059484357124335e-19
 -2.4205039633146506e-19
  5.7787879446457768e-20
 -2.7679975741619815e-19
 -1.5332270547855621e-19
  2.1690810171215668e-19
 -1.2856923030069896e-19
  2.6690183124010386e-19
 -5.3398473431978534e-19
  1.8970987231454206e-19
 -5.4599726013095101e-19
  3.6669365285532719e-19
 -7.9122387602975986e-19
  5.5489975602839931e-19
 -1.2175149341718889e-18
  4.0775194323885150e-19
 -1.1532516545119326e-20
 -6.4826520778959858e-20
  4.3824156437017652e-19
  2.0546408117478866e-19
  1.1561794775134491e-19
 -2.8102877182652526e-19
 -1.0770143947775613e-19
  2.3006154424935246e-19
  3.4279432597943038e-20
  2.1411654508705992e-19
 -2.1476189147851596e-19
 -1.0297756416828599e-20
 -2.3481192133037978e-19
 -2.3536235964635012e-19
 -3.6471291739831980e-19
  3.1273665362600649e-19
  1.0987847786495299e-19
 -5.4470836804239495e-20
  1.3385032745798471e-19
  1.1160799804512197e-19
  5.4251670416677996e-20
 -1.8966725986818389e-19
  6.4643682039717994e-20
 -8.4411488513340006e-20
  2.6389917874071664e-19
 -3.0695446407277977e-19
  2.5584761886212740e-19
  5.8365698255761865e-20
 -1.6207572314782573e-19
 -1.8961160095064165e-19
  2.0399951046533007e-19
  1.5786697527118015e-19
  2.9160498027532339e-19
 -4.5168550758925697e-19
  5.6481803772627049e-20
 -1.8072838474964358e-19
 -3.0508438366552278e-19
  1.5438321383633794e-19
 -1.3967100348723322e-19
 -2.1068333335341682e-19
  1.4522367180133720e-19
 -5.9408361572153155e-20
  2.9526158326557028e-19
 -1.2028533187259997e-20
 -1.5091372618657760e-19
  1.3827698488036441e-19
 -5.9786605653670904e-20
 -1.0598112290325415e-19
  2.2885221663177940e-19
 -1.6736452272028566e-20
 -1.2499359750845701e-19
  7.1479490177333538e-20
  2.4414481082155118e-19
 -2.9155843766449659e-19
  1.4252083424877244e-19
  2.6788182249858438e-19
 -1.7486977043089758e-19
  1.0753996357480620e-19
 -2.7681474401328843e-20
 -5.0901129925560329e-21
  5.3379865158050825e-20
