                     128
                  0.2500
      0.0000000000000000
  6.2967853785297373e-02
  2.9799095844115522e-02
 -3.9208769606861385e-03
  6.5700045819555868e-04
 -1.2319915601098519e-04
  2.4633363825148776e-05
 -5.1308762644094563e-06
  1.0993025582214720e-06
 -2.4044374101028946e-07
  5.3426881956202555e-08
 -1.2020120511263326e-08
  2.7316700614189979e-09
 -6.2597367406883420e-10
  1.4444871594436454e-10
 -3.3531375224722042e-11
  7.8237090248069388e-12
 -1.8336220821001347e-12
  4.3142710318030423e-13
 -1.0186346484873006e-13
  2.4127093082601215e-14
 -5.7320775258809086e-15
  1.3668506107805672e-15
 -3.2559224812142421e-16
  7.7012129595707656e-17
 -1.9753253716784204e-17
  4.6527683554802889e-18
 -2.9564580532247998e-19
 -6.5929304577580758e-19
  1.2725642143328481e-18
 -4.5502645180316215e-19
 -1.3277518190461693e-18
  8.3976524513051221e-19
 -9.8305873629226941e-19
  9.9506721987343863e-19
 -1.1215374692565382e-18
  8.5945334513378330e-19
  2.4436949694515799e-20
  6.7504894366865285e-19
 -4.0350505662342666e-19
  2.8330376413113499e-19
 -1.8246571820888063e-19
 -2.8339948711996816e-19
  3.6910378570330986e-19
 -8.2920667103675939e-19
  1.4475855401864034e-18
 -1.5101244061789149e-18
  6.8238578103304609e-19
  1.9569719635784194e-19
 -6.1873207575872023e-19
  9.2525461189380946e-19
  3.7188154739375795e-20
  1.0258039812870213e-19
  4.0364607301284447e-19
 -9.2454289444109609e-19
  2.8409917508507290e-19
 -7.4767190333488525e-20
  1.3370420583754291e-19
 -5.5345331411406714e-19
  3.1735759049028941e-19
 -6.9810299721443146e-20
  7.8572300744438168e-21
  3.4538003981335560e-19
 -6.1918761578204845e-19
  2.7208881851742218e-19
  2.4028950381489889e-19
 -3.1716833829535746e-19
  4.3663919748152298e-19
 -1.7227874715698941e-19
  3.5841737909696774e-19
 -1.3144351093945029e-19
 -2.9469787998186667e-19
  1.5052134001545584e-19
  1.5752659904396984e-19
 -5.9543317255118811e-19
  4.5273907146075711e-19
  3.3209315169906170e-19
 -2.0341159666675935e-19
 -1.5952936984506275e-20
 -3.6695538072655824e-19
  2.9457698315195754e-19
 -6.9826642559127497e-20
  3.0574944598158119e-19
 -1.6897080265369329e-20
 -5.4689443397903382e-20
  6.2350816443383303e-19
 -7.1409220103948451e-19
  3.2524986014345626e-19
 -2.8580498385380869e-19
  1.2053499621779879e-19
  4.9404449510160333e-20
  1.2234099505540264e-19
  2.8153096843345190e-20
 -3.1901357351283684e-19
  1.2298354713667279e-19
  5.1955329397808644e-20
 -4.8020979400033574e-21
 -1.9431930618295027e-19
  1.5006883515516806e-20
 -3.7750639823255867e-19
  2.5603573402017243e-19
 -2.6529288126067811e-19
  4.3223150976803234e-20
  5.3839551159414299e-20
 -1.3745051337934108e-19
  3.2373418283998315e-19
 -9.8707693440110392e-20
 -6.5775310064333295e-20
 -8.5251363762638938e-20
  1.6676147600327734e-19
 -3.7809607380078340e-20
  9.9843790115125344e-20
 -1.2402435765692277e-19
  4.1375392080559832e-19
 -1.4039496521041188e-19
  1.8777688349003171e-19
 -5.1301350180437357e-20
 -2.8485612384712906e-19
  2.7696713391009554e-19
 -2.8119618275400395e-19
  1.2927084071312442e-19
 -1.4281795175556833e-19
  5.1947773497006187e-20
  1.1673670183890360e-19
 -2.8593529715797962e-21
  2.8035511459231331e-20
  1.9545834822536325e-19
 -3.9355553172276261e-19
  1.2369575475471632e-19
