                     128
                  0.7500
      0.0000000000000000
  9.4389877226206198e-01
  1.1063823472463297e+00
 -4.7630642317697020e-01
  2.5788387306866034e-01
 -1.5277314509419954e-01
  9.4804504794184632e-02
 -6.0510193297510784e-02
  3.9373036796346260e-02
 -2.5994320798813180e-02
  1.7363950948811491e-02
 -1.1714086141418343e-02
  7.9703050839697084e-03
 -5.4637028622482424e-03
  3.7701637739276346e-03
 -2.6167628501260029e-03
  1.8256306412577443e-03
 -1.2795467322335844e-03
  9.0048527276883283e-04
 -6.3604117308021396e-04
  4.5073138631281302e-04
 -3.2035519568425621e-04
  2.2829861697696663e-04
 -1.6308894189339732e-04
  1.1676196431800620e-04
 -8.3762869664760401e-05
  6.0200848173415352e-05
 -4.3340183437014027e-05
  3.1250676222164304e-05
 -2.2566196385883772e-05
  1.6317089653634139e-05
 -1.1813326566133995e-05
  8.5626997391960672e-06
 -6.2133462745952442e-06
  4.5132267820578627e-06
 -3.2814714712812096e-06
  2.3880614045998893e-06
 -1.7393834645513492e-06
  1.2679369447616979e-06
 -9.2498266842338545e-07
  6.7528296172270835e-07
 -4.9333078833367019e-07
  3.6064179427937987e-07
 -2.6380653824144178e-07
  1.9308741029236371e-07
 -1.4140650520897194e-07
  1.0361455852249278e-07
 -7.5962246508910915e-08
  5.5717392466937865e-08
 -4.0887511691680085e-08
  3.0018501238233220e-08
 -2.2048435679609781e-08
  1.6201286940406550e-08
 -1.1909599003081221e-08
  8.7581826714888909e-09
 -6.4430842253814181e-09
  4.7416623677347013e-09
 -3.4907506904840447e-09
  2.5707100909879261e-09
 -1.8937750382249584e-09
  1.3955323178421462e-09
 -1.0286865988012716e-09
  7.5849655350259048e-10
 -5.5943208227355995e-10
  4.1272467027997310e-10
 -3.0457135402315419e-10
  2.2481727175115283e-10
 -1.6598883493662162e-10
  1.2258389398970224e-10
 -9.0550357258380404e-11
  6.6903087420180275e-11
 -4.9442285373813918e-11
  3.6546395903735466e-11
 -2.7019766478274668e-11
  1.9980536882945179e-11
 -1.4778108352744260e-11
  1.0932369085043982e-11
 -8.0889329425588828e-12
  5.9861488082432644e-12
 -4.4307895758667824e-12
  3.2801235830490155e-12
 -2.4286942415269853e-12
  1.7985701821384881e-12
 -1.3321473004806933e-12
  9.8683828570124475e-13
 -7.3115101598859228e-13
  5.4179326344099875e-13
 -4.0153520330337625e-13
  2.9762959967899706e-13
 -2.2064220008726674e-13
  1.6359172699612975e-13
 -1.2130783484021930e-13
  8.9963916274916199e-14
 -6.6726882520512125e-14
  4.9497425508427852e-14
 -3.6720889555265791e-14
  2.7245594906258196e-14
 -2.0218040199085288e-14
  1.5004888196857891e-14
 -1.1137223025805756e-14
  8.2661703721269022e-15
 -6.1354459170332321e-15
  4.5537065041360193e-15
 -3.3788411896560622e-15
  2.5057648822377316e-15
 -1.8578419110879653e-15
  1.3770314927184612e-15
 -1.0195457831191226e-15
  7.5399469688304115e-16
 -5.5781916835833097e-16
  4.1227274773557023e-16
 -3.0477488804599580e-16
  2.2568684810243976e-16
 -1.6818401394156123e-16
  1.2643928322622009e-16
 -9.5451850343708338e-17
  7.2095124571223153e-17
 -5.5283688567742276e-17
  4.2840166971447112e-17
 -3.2909288694964829e-17
  2.5061809045303302e-17
 -1.9168317130330098e-17
  1.4070175235899997e-17
 -9.7574903756252344e-18
  6.2897274243880761e-18
 -3.3181378344831008e-18
  1.3547611639856074e-18
 -3.1032938900448886e-19
  6.1872727932770433e-20
