                     128
                  0.6000
      0.0000000000000000
  4.4545835644383658e-01
  4.3760750754641325e-01
 -1.5068733973099069e-01
  6.4271807864277608e-02
 -2.9783705352320798e-02
  1.4461137704900437e-02
 -7.2516182012932161e-03
  3.7265452616695640e-03
 -1.9523697501911690e-03
  1.0388067576190686e-03
 -5.5969645177593539e-04
  3.0467515460107995e-04
 -1.6727531113917149e-04
  9.2501291649287444e-05
 -5.1466085351634755e-05
  2.8786066694369572e-05
 -1.6174583359431678e-05
  9.1249324690979191e-06
 -5.1661895041838204e-06
  2.9341781691354153e-06
 -1.6712278738369888e-06
  9.5432546807832489e-07
 -5.4621638288527403e-07
  3.1329252401167838e-07
 -1.8004198719094730e-07
  1.0364946849293803e-07
 -5.9768052549977751e-08
  3.4516442685088590e-08
 -1.9961350665476112e-08
  1.1558938058143408e-08
 -6.7014933210290182e-09
  3.8897009732789670e-09
 -2.2600625823244678e-09
  1.3144858552225258e-09
 -7.6523838020687783e-10
  4.4588137266809145e-10
 -2.6001718940655922e-10
  1.5174868439953517e-10
 -8.8627662058812609e-11
  5.1798699961474545e-11
 -3.0294090200945818e-11
  1.7728590467672916e-11
 -1.0381422706769080e-11
  6.0824975185552732e-12
 -3.5656155428275486e-12
  2.0912607317730136e-12
 -1.2272010339877698e-12
  7.2047607135116287e-13
 -4.2318220685941308e-13
  2.4871835761622907e-13
 -1.4629625158980569e-13
  8.6113721409360375e-14
 -5.0699247467092334e-14
  2.9854769620153787e-14
 -1.7503365421237759e-14
  1.0148406315460007e-14
 -5.8741259653406891e-15
  3.5082560137294747e-15
 -2.1655530079303281e-15
  1.3693117292372226e-15
 -8.5780486547107516e-16
  5.1098428775186030e-16
 -3.2723919878195805e-16
  1.7948195741868693e-16
 -8.0643509403637548e-17
  3.8314821328608554e-17
 -4.9729681883997234e-17
  6.4357593137944876e-17
 -2.3883396063203147e-17
 -3.5810034475571658e-17
  9.8308494293726608e-17
 -1.4362700824363124e-16
  1.4139331843450387e-16
 -1.0740820419738869e-16
  8.5752855351615561e-17
 -4.0196477400401958e-17
 -3.5739021866854561e-17
  9.8811962465499724e-17
 -1.0623420555967885e-16
  7.5368723626916314e-17
 -3.2491460788182874e-17
  2.1149615971344971e-17
 -9.9375820657086042e-17
  1.0963899503513126e-16
 -9.6965175411948447e-17
  9.7487294429779415e-17
 -9.1646232671428259e-17
  9.9046606215298326e-17
 -9.0261788003482668e-17
  1.2689332332721904e-16
 -1.2246220856981452e-16
  5.8804203700321801e-17
  5.1112595318791000e-17
 -1.2136737695717447e-16
  1.3061967410874002e-16
 -7.9245937496576539e-17
  4.9727721006916789e-18
  3.4913207788278394e-17
 -2.1452795790455068e-17
 -2.8931418219301912e-17
  8.9261944534990793e-17
 -9.9824511867987213e-17
  8.1129102000866764e-17
 -8.8226811523749563e-17
  8.8721858170173282e-17
 -7.6538840754690280e-17
  8.2553518959251753e-17
 -6.7837826604502387e-17
  5.2119559253801311e-17
 -2.6679744718999776e-17
 -9.1021912535257052e-18
  3.9904818257859498e-17
 -6.3438004946405249e-17
  5.8433334653640203e-17
 -5.4880946125540077e-17
  1.3045955488377104e-17
  2.2094713615248032e-17
 -2.0466445634758470e-17
  1.2802422345632236e-17
  2.2588295924612576e-17
 -7.4599139504805412e-17
  9.3374071592536060e-17
 -8.8609042093978271e-17
  8.5672948376398760e-17
 -4.8847789835668833e-17
  3.2196620680692128e-19
  1.6603378727831329e-17
 -7.6549774030800830e-18
