 50
 1.0000000000000009e-02
 1.0503378776167610e-02
 1.2011446613304722e-02
 1.4518006537189015e-02
 1.8012758555437797e-02
 2.2481341982386188e-02
 2.7905394450224691e-02
 3.4262627363907339e-02
 4.1526917489769610e-02
 4.9668414301499070e-02
 5.8653662642350668e-02
 6.8445740199562066e-02
 7.9004409226056782e-02
 9.0286281885977454e-02
 1.0224499854461030e-01
 1.1483141827006840e-01
 1.2799382076392138e-01
 1.4167811889099541e-01
 1.5582808093501355e-01
 1.7038556166677962e-01
 1.8529074127539708e-01
 2.0048237118070300e-01
 2.1589802571682204e-01
 2.3147435865261798e-01
 2.4714736349494448e-01
 2.6285263650505558e-01
 2.7852564134738206e-01
 2.9410197428317791e-01
 3.0951762881929706e-01
 3.2470925872460293e-01
 3.3961443833322036e-01
 3.5417191906498646e-01
 3.6832188110900466e-01
 3.8200617923607866e-01
 3.9516858172993163e-01
 4.0775500145538973e-01
 4.1971371811402269e-01
 4.3099559077394323e-01
 4.4155425980043789e-01
 4.5134633735764940e-01
 4.6033158569850097e-01
 4.6847308251023034e-01
 4.7573737263609273e-01
 4.8209460554977529e-01
 4.8751865801761379e-01
 4.9198724144456218e-01
 4.9548199346281097e-01
 4.9798855338669534e-01
 4.9949662122383243e-01
 5.0000000000000000e-01
