                      32
                  0.0240
      0.0000000000000000
  5.7600038204096355E-04
  2.7632117504980249E-05
 -3.3177609191299424E-07
  5.3084205331731466E-09
 -9.5551577275171500E-11
  1.8345914550973989E-12
 -3.6695788159677449E-14
  7.5945220759358310E-16
 -1.5225589974204746E-17
 -1.2320555175180784E-19
  2.1434974210702069E-18
  5.9292623298110822E-19
  2.5853643460910628E-18
 -3.7123069884911722E-18
  1.4263761600598481E-18
 -1.3504828908547905E-18
 -7.1695438008765888E-19
  3.0726464247417808E-18
  1.6565625593870609E-19
 -1.3529899800835674E-18
  1.5857748160453625E-18
 -3.5478302967200752E-18
  1.4720151825023244E-18
 -1.3239223659519694E-18
  3.6173958873067782E-19
  4.3736888887971802E-19
  1.7916007449853127E-18
 -4.6064562553273037E-19
  2.6466855918886773E-19
  2.1805219190560296E-18
  2.2111201061607830E-18
 -1.9529554061419459E-18
