                      32
                  0.0030
      0.0000000000000000
  9.0000000014812050E-06
  5.3999514050088179E-08
 -8.1000018702430366E-11
  1.6200712317167497E-13
 -3.6580546527676445E-16
  1.1087394172258568E-18
  8.2500486307902540E-18
 -6.4179714478063225E-18
  1.6144607670626682E-18
  1.2819522061749247E-18
  1.1062646650323010E-19
 -3.8395660820303857E-18
  1.6631175902974862E-18
 -1.3674217963972462E-18
 -1.1167143374968665E-18
  1.6150183245422740E-19
  1.5531329430369048E-18
 -1.0169432950839493E-18
 -2.8221529414171648E-18
  1.7459870263030284E-19
 -4.8515455190607390E-19
 -1.5276727990740075E-18
  1.1885577963631492E-18
 -2.5227968820766350E-19
  5.6625808538474160E-20
 -4.6922275139902579E-20
 -1.1507305231858406E-18
 -5.7929146801587359E-19
  2.1299410688714774E-19
 -1.0165510610405921E-18
  7.9959710045455347E-19
 -6.5610691863547065E-19
