                     128
                  0.9500
                  0.7239
  6.0834729596734229E+00
  1.5485477897326946E+01
 -1.3258786888966327E+00
  2.8864106756272183E+00
 -4.8134725454231336E-01
  9.1437331423920731E-01
 -1.7678341768027625E-01
  3.3248490677065162E-01
 -6.6362475356871897E-02
  1.3029730123934022E-01
 -2.6114536395112128E-02
  5.3962186779516044E-02
 -1.0879261625599211E-02
  2.3319782696702505E-02
 -4.7737279896913898E-03
  1.0405677569944429E-02
 -2.1802880284615398E-03
  4.7543503420810962E-03
 -1.0238723718362550E-03
  2.2104577432167042E-03
 -4.8951027965413608E-04
  1.0411933914160729E-03
 -2.3660162200955074E-04
  4.9538079400979315E-04
 -1.1508914619022627E-04
  2.3760195192834454E-04
 -5.6186547642225100E-05
  1.1473902366787113E-04
 -2.7491360350347057E-05
  5.5739119818253893E-05
 -1.3473747902218350E-05
  2.7223270758130309E-05
 -6.6146196687195078E-06
  1.3361136588216926E-05
 -3.2535925933503229E-06
  6.5868133932454938E-06
 -1.6040509534803482E-06
  3.2601783270867798E-06
 -7.9287537696168351E-07
  1.6193607401577241E-06
 -3.9301472229984948E-07
  8.0683751478592542E-07
 -1.9537076872846293E-07
  4.0307104532386331E-07
 -9.7396394833291618E-08
  2.0181733115797045E-07
 -4.8687754733709561E-08
  1.0124308783399039E-07
 -2.4403115309981551E-08
  5.0871495821069622E-08
 -1.2262539903315781E-08
  2.5596614488513302E-08
 -6.1772473678212340E-09
  1.2894671008349005E-08
 -3.1193401958299114E-09
  6.5028083299160023E-09
 -1.5788921652967845E-09
  3.2825965001766907E-09
 -8.0097423232918510E-10
  1.6585902035443908E-09
 -4.0718722731292325E-10
  8.3879818431754282E-10
 -2.0739062941163189E-10
  4.2459345142054109E-10
 -1.0580166670666049E-10
  2.1512593958176248E-10
 -5.4047987965453466E-11
  1.0910012372538357E-10
 -2.7638929296083203E-11
  5.5383577888715209E-11
 -1.4144699021248708E-11
  2.8142941833832735E-11
 -7.2424693842911289E-12
  1.4315251351207495E-11
 -3.7094903542674175E-12
  7.2891478256181655E-12
 -1.9002815983369984E-12
  3.7154010810168996E-12
 -9.7352093369390957E-13
  1.8956820148685947E-12
 -4.9864701795384461E-13
  9.6803079261693292E-13
 -2.5520199184567251E-13
  4.9456745266362055E-13
 -1.3040683658529101E-13
  2.5267712983895236E-13
 -6.6441233784465906E-14
  1.2900109400819569E-13
 -3.3701063868039167E-14
  6.5778452696965438E-14
 -1.7021938088238284E-14
  3.3515617024837890E-14
 -8.5483781201695189E-15
  1.7038089942600069E-14
 -4.2589249543335254E-15
  8.6472886071042230E-15
 -2.1313556712960878E-15
  4.4175561230437305E-15
 -1.0780163070829259E-15
  2.2537123522654607E-15
 -5.2320435716383216E-16
  1.0997010452434483E-15
 -2.0550843440259758E-16
  5.2436664613535987E-16
 -7.3218037814932063E-17
  2.4488826742794612E-16
 -8.7779496587223176E-18
  1.0460070832007830E-16
  9.4650075175982499E-18
  6.2721565307713883E-17
 -2.5549080677232147E-17
  6.7176013653483514E-17
 -5.8752479472632103E-17
  9.9014292631399301E-17
 -1.0957736306819974E-16
  1.5919791601512986E-16
 -1.7468685105023085E-16
  2.0503620813904093E-16
 -2.1487681521747730E-16
  2.2155763235627958E-16
 -2.2179419570694385E-16
  2.2484847393668100E-16
 -2.2535805851914408E-16
  2.1309336745978773E-16
 -1.7010840186426184E-16
  1.2200459982700738E-16
 -6.1291287620613747E-17
  1.9038318462471898E-17
