                     128
                  0.1900
      0.0000000000000000
  3.6191697131086401E-02
  1.3300146603262957E-02
 -1.3047620865822796E-03
  1.6559632758201883E-04
 -2.3596389213161896E-05
  3.5862957389335416E-06
 -5.6778973411532927E-07
  9.2463802162204357E-08
 -1.5371495841241606E-08
  2.5959931733611294E-09
 -4.4390348128094143E-10
  7.6672613069779387E-11
 -1.3353573616175920E-11
  2.3419772319871624E-12
 -4.1318840657193786E-13
  7.3271738430832978E-14
 -1.3050681694044307E-14
  2.3348812157247072E-15
 -4.2014137387138189E-16
  7.5264185409784003E-17
 -1.2544704098065876E-17
  4.6019013786709935E-18
 -3.6334878179763608E-18
  1.5595294351384190E-18
 -1.8716158677785461E-19
 -1.1349842862655138E-18
  3.1878728755642264E-19
  9.0964157467285792E-19
 -6.3873235055457576E-19
  6.3622954816613220E-19
 -1.9719531847096981E-18
  7.9141196096024678E-19
  7.8100694816154499E-19
 -2.1481577197429658E-19
 -2.2496903798962049E-19
  5.4004413700614043E-19
 -4.7970908435549224E-19
  5.3208315498830568E-20
 -2.1216712989447996E-19
  2.3533607949934009E-19
  5.5327694171179286E-19
 -7.6440817458993865E-19
 -6.0108619678292506E-19
  9.6292931806508217E-20
  2.6120794425228018E-19
 -7.4600900350605643E-19
  9.0917341508051733E-19
 -1.4266714273038748E-18
  6.1913961175663197E-19
 -1.1050874840305969E-19
 -3.7655085931000335E-19
  2.8997464711572035E-19
 -6.0392053856780739E-19
  8.8054446848478872E-19
 -4.8021781359383665E-19
 -4.3058452464631992E-19
 -1.2454856690597562E-19
  1.6692833737052431E-19
 -1.6948939558366876E-20
  7.5490982609975482E-19
 -5.5173293157945564E-19
  3.4533110810900739E-22
  5.3480175612583171E-19
  5.7987686299488220E-19
 -2.3996961078368439E-19
  3.1109008482857298E-19
 -4.0155483683950152E-19
  9.0390926972018177E-20
  2.3809946250899371E-19
  8.7894939631100739E-20
 -1.2093788524742015E-19
 -2.5339984685352196E-19
  4.6754974830013773E-19
  5.3893836082793571E-21
  3.0932171878655666E-19
  3.5046843786801400E-19
 -7.2650997602141432E-19
  1.3274573213847686E-19
 -4.9854335418692181E-19
  1.0397582510758499E-18
 -6.9670462608323609E-19
  3.1613255151431580E-19
 -4.6395664440791266E-19
  2.5758570319161652E-20
  4.9454920842783110E-20
 -1.9329898411742401E-19
 -3.1366537387185559E-19
  3.8064903074669664E-19
 -3.7184658783297347E-19
  6.6362862117818699E-19
 -3.8769148537122829E-19
  1.3693668508492915E-19
 -2.7632911288264868E-19
  1.8366985597668006E-19
  1.3181552869404357E-19
 -2.0170849419438842E-19
  1.2870592384910825E-20
 -1.8473336209163760E-19
 -2.6930368934678868E-20
  2.1646445372735552E-19
 -1.6864718876803920E-19
  7.4811314056686304E-20
  2.0107076242228200E-20
  2.7928047027782509E-19
  2.4635290510449986E-20
 -1.9134442409700128E-19
  2.8734843393388408E-19
 -3.0262020920300857E-20
 -3.2480506433391024E-19
 -4.9821959295101985E-20
 -1.0813594771353028E-19
 -5.8252416936189648E-20
  2.7127895652342193E-19
 -1.7692073840987267E-19
 -3.9610459080481610E-20
 -1.1041434672543172E-19
  1.4142388834343490E-19
  2.3324773899005278E-20
 -1.6189588957673115E-19
  1.5343466646945153E-19
  2.0468663848123243E-19
  3.4236701196602503E-20
 -6.0242467084172138E-20
 -2.7460659387142201E-20
 -2.7719251777013209E-20
  9.5703068594301803E-20
 -6.2923278201438717E-20
  9.6126882331538349E-21
