                     128
                  0.3200
      0.0000000000000000
  1.0441265920503744E-01
  6.1462017677462240E-02
 -1.0597018565555710E-02
  2.2891599187616941E-03
 -5.4995348553866900E-04
  1.4071727161967001E-04
 -3.7504924191085029E-05
  1.0282854535912245E-05
 -2.8782844666821989E-06
  8.1850461003049750E-07
 -2.3568047359642149E-07
  6.8549723408398394E-08
 -2.0104961667369753E-08
  5.9379440006926160E-09
 -1.7642228263840481E-09
  5.2686333511468647E-10
 -1.5804535928515529E-10
  4.7595869428200334E-11
 -1.4383529470527358E-11
  4.3602064633440643E-12
 -1.3254263924398512E-12
  4.0391701652985123E-13
 -1.2337201033702282E-13
  3.7761143045385437E-14
 -1.1580938584583370E-14
  3.5587449948923519E-15
 -1.0953327316808282E-15
  3.3737545035578865E-16
 -1.0377230900849325E-16
  3.2874056182426608E-17
 -1.0866656502558564E-17
  2.3646888257019875E-18
  2.4118256561679729E-19
  2.1867844291407928E-19
  2.6896975059954961E-20
  2.7640928502809318E-19
 -1.7857931211319649E-18
  3.8516229799066899E-19
 -2.0194078644789236E-19
  6.9308381885107052E-20
  2.8080293093311785E-19
  7.1976820639075584E-19
 -1.6267933920146919E-18
  7.5480410466390545E-19
 -1.3850260162475537E-18
  1.6256831298601729E-18
  2.0448080918283997E-19
 -2.8163121384280362E-19
  9.7505628742956456E-20
  3.0396083357330175E-19
 -4.6859344211988231E-19
  3.3670166798269613E-20
 -1.9137777888539966E-19
  1.2108094429778999E-18
 -4.8690870598887641E-19
  3.7395172688379854E-19
 -1.0841404139318530E-18
  1.4154647510229528E-18
 -1.4929889345761410E-18
  6.2545815261825034E-19
  1.7032328601059608E-19
  7.8071471111616096E-19
 -7.9908575166868952E-19
  4.6354432248644626E-19
 -3.6184015676215972E-19
 -2.7760492485040336E-19
  2.0865586005136628E-19
  1.0620514713171588E-19
 -5.4908971825584104E-19
 -2.1481090680461127E-19
 -5.1166240310544604E-20
  8.0629363139223942E-19
 -4.9045808338450137E-19
  9.4677559894811166E-20
  1.3099742167175473E-19
  2.9028778968075829E-20
  9.6075805308587819E-20
 -3.4565276980457838E-19
  4.4818303015056123E-19
 -5.3267102325313125E-19
  2.5831560593500280E-19
 -2.5630976903611776E-19
 -1.8880363043484822E-19
  2.1851926211311147E-19
  4.0276785275272721E-19
 -5.0303218560394982E-19
  7.1988244074019737E-19
 -9.6007286406548686E-19
  8.5467195503433672E-19
 -6.5912323851946047E-19
  9.4028577718607594E-19
 -3.3120855222516681E-19
  2.9404678740873624E-19
  1.5517960453536749E-19
 -3.6066211266956121E-19
  4.7343479226039670E-19
 -6.8427846928370288E-19
  2.6547684779770365E-19
  2.4581611081682933E-19
 -3.7403741624720347E-19
  1.7005507105124422E-19
 -3.7358446479754374E-19
 -3.2165417388441727E-19
  1.1076602261478879E-19
  6.9555170092731440E-19
 -4.3660960398231089E-19
  6.0154945878122301E-19
 -1.1773836716983433E-18
  9.4686982792237760E-19
 -7.2593891325505349E-19
  3.8229364583374598E-19
 -1.2529428782114915E-19
  3.5588952236136745E-19
  1.8401326951579983E-19
 -5.0635545532254333E-19
  6.6428218465331668E-19
 -5.5179931328710751E-19
  1.7076540094175808E-19
 -3.7909073826148627E-19
  2.4813200529600293E-19
 -1.3019508493682473E-19
  1.3376883594362961E-20
 -2.4304795132339672E-19
  5.8842161369378437E-19
 -1.3338415373143616E-21
 -4.7724182194611212E-19
  2.3772735217209057E-19
 -1.7189236372165168E-19
