                     128
                  0.0700
      0.0000000000000000
  4.9002344399419629E-03
  6.8271464679041686E-04
 -2.4010487681126272E-05
  1.1205351945230275E-06
 -5.8827929890660342E-08
  3.2943576777653180E-09
 -1.9217061949465873E-10
  1.1530230644261645E-11
 -7.0622361231265294E-13
  4.3941108416606578E-14
 -2.7712770915850082E-15
  1.7871955292545226E-16
 -1.1018905371859204E-17
  5.9311789155618540E-19
  2.2016101178113807E-18
 -8.3360567956254894E-19
 -2.3845650412191184E-21
  1.4418322122144062E-18
 -8.2094155066676896E-19
 -6.4768412828055336E-19
  1.7248187290400468E-18
 -1.6391799111062333E-18
  3.9936804544851708E-19
  2.3732529134008325E-19
 -1.4706771598100374E-18
 -1.0264820848266994E-18
 -7.2327745892776625E-19
  6.6062802528865904E-19
  3.6572727882248864E-19
 -3.2018197172088034E-19
  1.2568949211259045E-18
 -7.4077474789320948E-19
  5.7448878902668878E-19
  3.9743008165491227E-19
  1.2164597913184057E-19
 -9.3501251646584196E-20
 -8.2053527326847431E-19
  4.1799380713710088E-19
 -2.7885755081773173E-19
 -1.1924830865096874E-19
 -5.2947121869952205E-20
 -7.4415747594317998E-20
  8.8170522585222817E-20
 -8.9141250569227257E-19
  6.4304312850289843E-19
  3.5090320325257225E-19
 -3.1881537317541061E-19
  6.0794397533074558E-19
  4.3502009767285117E-19
 -2.4706837950983811E-19
 -7.4179419365643269E-19
  8.3146392272612288E-20
 -4.4837582979385772E-19
 -1.2039158087319653E-20
  6.0964076469769215E-19
 -6.5128728357472229E-19
  2.9145149771183570E-19
 -3.2562342847370532E-19
  5.5033232046195698E-20
 -4.1383605924116132E-19
 -1.3903590618584047E-19
 -2.4502132773222017E-19
 -3.3216533960179113E-19
  4.1676488106348780E-19
 -1.6102559788478798E-19
  5.7920862901558328E-20
  7.2132531957864037E-20
 -6.4147076563865038E-20
 -3.2119163190303185E-19
 -1.1353011333265948E-19
 -3.1674218603624700E-19
  8.4895217396282248E-20
 -1.6073600317375121E-20
  3.1554957893663307E-20
  3.6027972202385485E-20
 -1.6681352879947196E-19
  6.1758793743964955E-19
 -2.6803551711347158E-19
 -1.6366596764113524E-19
  2.6880277449976500E-19
 -5.4437124901303678E-20
  1.5648867242917658E-19
  1.0669217801593271E-19
 -1.0851188186549064E-19
 -8.1008742749073039E-20
 -2.0591245575767792E-19
  1.8821077549195944E-19
 -1.1847687414173456E-19
  3.1050182838298289E-19
 -4.0608419673116299E-19
 -2.8913519304252144E-20
 -7.0527825305240742E-20
 -2.3620419429917088E-20
 -4.0834825327881495E-20
 -2.0926098257954757E-19
  4.5382406953882554E-19
 -1.6302867515726315E-19
  6.0351903720995838E-20
  2.2780911348313353E-19
 -2.8876669797085244E-19
 -3.9427758641212643E-20
  1.1286923212801379E-19
 -1.6074993461794683E-19
  1.1940383812594687E-19
 -7.5369109160769601E-21
 -4.1076734791763861E-20
  3.3861262678068244E-19
 -3.2161757870670913E-19
  1.4406418941725635E-19
  8.1849547739292312E-20
 -9.5028380881994803E-20
  1.3693507967588832E-20
 -4.2073505211083494E-19
  9.5532144433392599E-20
 -2.7618806486398476E-20
  2.4417866358236494E-19
  5.0049086431742790E-20
 -1.3586321396353892E-19
  6.7275108500138235E-20
  8.7010421620165033E-21
 -1.3363269406304837E-19
  3.0972482872351375E-19
  6.6176221551782277E-20
 -2.7714509589734428E-19
  1.2368575305040243E-19
 -2.0861567913949963E-19
 -1.7346557665396323E-20
 -1.0040004428565061E-19
