                     128
                  0.3000
      0.1535359952768478
  9.1375224951323872E-02
  5.2222603155891618E-02
 -5.4470203548793018E-04
  3.7090211211002520E-04
 -9.2712778988041965E-06
  5.0353423046125065E-06
 -1.5891670910662824E-07
  8.4211929877444614E-08
 -2.7739300582031557E-09
  1.5576820857246568E-09
 -4.9642421743337810E-11
  3.0455982432677917E-11
 -9.1538707327925059E-13
  6.1550727021243271E-13
 -1.7440489801767477E-14
  1.2704411350849718E-14
 -3.4560977392089404E-16
  2.6431366235923480E-16
 -5.9037122891088650E-18
  7.8805102845141119E-18
  1.8119085365400218E-18
  5.7336663540123031E-19
  5.2857387246894341E-19
  1.8858326825737005E-18
 -3.8203195113946730E-18
  1.6347278768465989E-18
 -1.8239505658759977E-18
  2.5084191025203814E-18
 -1.6296816771502904E-18
  4.5851417646439197E-19
 -2.4436830536866517E-18
  4.3250751631997704E-19
  1.1383870482345706E-18
 -1.3792523965606862E-18
  4.1544932664979861E-19
 -1.6541218048928606E-18
  9.3465033893450015E-19
 -1.9220375411891169E-18
  1.0112084902074965E-18
  2.6204557999867044E-18
 -1.0986862450204268E-18
  3.9707043928262730E-19
 -7.6335146814667844E-19
  1.1369218507102401E-18
 -6.4299827210226917E-19
  1.0281675898453304E-18
 -1.2389075232581580E-19
 -8.0408376470481338E-19
 -9.1721659841319154E-20
 -1.3661625187440975E-19
  2.4921347048300474E-20
 -8.9672853980522300E-20
 -3.1877240793504217E-19
  4.2116943710757503E-19
  4.7779118366577416E-19
 -3.0996920761318399E-19
 -1.0154713505519087E-18
  5.5944985453234052E-19
  7.7544474329186731E-19
 -1.1836266968375886E-18
  7.5143696740877999E-19
 -8.8263884451332393E-19
  1.5086668962615529E-19
 -3.6811471247386027E-19
  2.4764122635465744E-19
  1.5188909322191022E-19
  9.3504825815509822E-19
 -5.0741106884891086E-19
 -9.0749412159437573E-20
 -7.4712459236681699E-19
  5.6128237455109817E-19
  1.0177904977413957E-19
 -5.3816047427945038E-20
 -5.0243778610888322E-19
  1.0047127255124726E-19
  1.8967710279544767E-19
  2.4101716330945765E-19
 -2.6548493837226531E-19
  3.4922188248556998E-19
 -1.2746857716746731E-19
 -1.2481013294080849E-19
  3.8310273932958574E-19
 -5.3548691562569799E-19
 -1.0417575018319242E-19
 -5.4993735199796204E-20
 -3.6329785001243033E-19
  9.1553874165807848E-19
 -1.6664516384510758E-19
 -1.7493742945148151E-19
 -8.2266608451698631E-20
  6.5755175101462884E-20
 -2.7849861706108566E-19
  4.7700433915361372E-19
  1.4535049608787416E-19
  2.8197318205984409E-19
 -2.9008563352323050E-19
 -2.1827694391660887E-19
 -2.0595439383097684E-19
  8.0288264100029933E-21
  5.9870437806333652E-20
  1.7333121236153437E-19
  1.3461263170021132E-19
 -4.0686100800336954E-19
  1.0465162238213594E-19
  5.0866817896942810E-19
 -7.1218730686481641E-19
  4.6397195233671499E-19
 -7.8437649132691043E-19
  1.3628285174146141E-19
  3.0776319176171374E-19
 -1.2763723702527142E-19
  1.3364239134055160E-19
  3.7068109675946773E-19
 -2.3092131332555488E-19
  3.0226398569107638E-19
 -5.7240786522370452E-19
  8.7704926764783059E-19
 -7.7055804613629225E-19
  2.2034772780737876E-19
 -4.0488042823869177E-19
  4.5839626189485929E-19
  2.6232363597812045E-19
 -2.3234297986876477E-19
 -2.4764329791070105E-20
  2.2190665508102088E-20
  8.2330466620218826E-19
 -2.9193490793949375E-19
 -2.0332732776153027E-19
