                     128
                  0.4078
      0.0000000000000000
  1.7466101050174987E-01
  1.2610968378982262E-01
 -2.8466981143780920E-02
  7.9452929183498021E-03
 -2.4415287215146632E-03
  7.9622664537802818E-04
 -2.7026543348243219E-04
  9.4365183790132848E-05
 -3.3640932018720871E-05
  1.2185152786571295E-05
 -4.4692993860206378E-06
  1.6559625222107885E-06
 -6.1872059107358794E-07
  2.3280253184051356E-07
 -8.8120371818724147E-08
  3.3527494772887758E-08
 -1.2813640298140684E-08
  4.9164757283404149E-09
 -1.8929939485221423E-09
  7.3112963830001768E-10
 -2.8317218213828722E-10
  1.0995105311341058E-10
 -4.2789670329292064E-11
  1.6687100758445602E-11
 -6.5200094549261428E-12
  2.5519587823105040E-12
 -1.0004556190175237E-12
  3.9279785222455249E-13
 -1.5443357237759116E-13
  6.0796919570969858E-14
 -2.3964662216575838E-14
  9.4582034420258547E-15
 -3.7368679800353345E-15
  1.4789693274781253E-15
 -5.8664016524552593E-16
  2.3282507442909173E-16
 -9.2310847346560438E-17
  3.6039257394022288E-17
 -1.3826857521044328E-17
  4.3082783695840847E-18
 -2.2904560580791097E-18
  6.1632708991860019E-20
  1.2812183670571622E-18
 -4.3391088554478350E-19
  9.2845836634715808E-19
 -1.1572858215560122E-18
  8.2812542702208681E-19
 -1.0862627557306161E-18
  3.8745238202200895E-19
  2.7897708353317178E-19
 -7.4383927958646624E-19
  6.7158900013752722E-19
  6.2615396277079283E-19
  3.1819103049267645E-19
 -9.5165039677325747E-19
  8.7116828412740363E-19
 -2.5887647406993933E-19
 -1.9845098037143882E-19
 -1.2854220094445288E-19
 -3.5221641103039903E-19
  8.8009357643163334E-19
  1.0276462492784680E-18
 -1.5110973718870167E-18
  1.2669323724124033E-18
 -3.8459590717627907E-19
 -7.0046972811066871E-19
  7.5267714771526464E-19
 -8.4105279395362601E-19
  1.1717935424411174E-18
 -1.9247823368254900E-18
  1.9595224060000872E-18
 -2.2822423010110547E-18
  1.7233435719918688E-18
 -3.2513150282906430E-19
  1.5018038696439549E-19
  1.6201375906828947E-19
 -3.3851096097071521E-19
  1.1280069471613521E-20
 -2.5135713632302787E-19
  3.4688202331795489E-19
 -2.0784011033407638E-19
  2.2675676595532762E-19
 -5.3352351404995802E-19
  2.9203255835747092E-19
 -6.9510468527626658E-19
  1.1652469397382421E-18
 -1.3302844831255122E-18
  1.0343989066399379E-18
 -1.3411812482872493E-18
  1.3589280698294457E-18
 -1.1727311810635134E-18
  1.4827937213065291E-18
 -7.7649246916927999E-19
  2.8149519039682035E-19
 -5.0440179453019797E-19
  3.0665892384558737E-19
 -2.5932592813343057E-19
  2.0074001021860150E-20
  9.4574066334031007E-19
 -8.6270776344826210E-19
  3.8471202421835299E-20
  3.2119765209843350E-20
  1.2365544010724245E-19
 -6.8784903693000879E-20
 -2.2120569914502028E-19
  2.5568943749207371E-19
 -4.3760289006417416E-19
  5.3812224776660590E-19
 -1.6977515229412959E-19
 -1.3358372729764361E-19
  7.0337831349925945E-20
  4.3058376623965688E-19
 -4.7790161165434409E-19
  4.8236598874184850E-19
 -1.3437960219058624E-19
 -6.1515992161346594E-19
  6.2043616845443982E-19
  1.2641854733898602E-19
 -8.2460975124007681E-19
  5.5590127791336919E-19
 -9.5789805655159916E-20
  5.7633734681005865E-20
 -2.6376399587301649E-19
  2.0282200797983355E-19
 -2.5903013463736866E-19
  6.4834782133945233E-19
 -4.9730071677370220E-19
  7.4542561350994267E-20
