                     128
                  0.1558
      0.0000000000000000
  2.4310525436428202E-02
  7.4037705480603615E-03
 -5.8994407454935336E-04
  6.1343756704720679E-05
 -7.1690342682323027E-06
  8.9366802411857314E-07
 -1.1604506102417242E-07
  1.5499417467312292E-08
 -2.1133009925400688E-09
  2.9271730950853856E-10
 -4.1051745411794486E-11
  5.8154117301491904E-12
 -8.3068140836922235E-13
  1.1948717631551150E-13
 -1.7289531072513092E-14
  2.5128516527044517E-15
 -3.6548522225493688E-16
  5.2248336705053546E-17
 -5.6291587873079137E-18
  6.2964295539460834E-19
 -1.3645405825989586E-18
  1.5592666778985448E-18
 -1.4977088884245689E-18
  2.1031563985984310E-19
  2.1602432466242312E-19
 -3.1358086299965667E-20
 -1.3397089667002829E-18
  9.7768659265247584E-19
 -2.8987418093514796E-20
 -4.4129233033987917E-19
  1.5821328683214078E-18
 -9.8653652197964275E-19
  8.0328577981592536E-19
  1.3031377147683446E-19
 -1.0430480625106555E-18
  1.0155929812418841E-18
 -2.0312654406840890E-19
  1.1775862605771383E-18
 -1.1146312025615962E-18
  3.9206326830327042E-19
  2.2739582047892714E-19
  8.7330498125326685E-19
 -9.3984822690375520E-19
  4.5676177438541461E-19
  6.4488846029322590E-20
 -1.8340153123858366E-19
  7.2203674064674863E-19
 -8.1081926568766640E-19
  6.1921249646064941E-19
  7.1020055351051466E-19
  9.7789905045350598E-20
 -1.5924859419864534E-19
 -4.8715062406306169E-19
  1.0562036128596635E-18
 -9.0072704145760387E-19
  6.5664544860151414E-19
 -1.0427191914041546E-19
 -5.9956582185569938E-20
 -1.2867388515232668E-19
 -3.3214882242755589E-19
  7.0267035155718238E-19
 -2.5170868141954062E-19
  1.9694259561969437E-19
 -1.3597492381741128E-19
 -4.8300851950338231E-20
  3.2633659833991774E-19
 -2.0231600998078923E-19
  3.1094371193189292E-19
 -7.8379454414726975E-19
  6.6652426853319890E-19
  5.6395471001997820E-20
 -2.9732342755251538E-19
  3.3250522160697476E-19
  5.0441434216133221E-20
 -4.4134010155622195E-19
  2.9189600607392755E-19
 -3.9894225926916247E-19
  2.4888812969432328E-19
  2.1049162539998421E-19
 -2.9171563011686348E-19
  1.4695731414574157E-19
 -3.2322907016534091E-19
 -3.9126516491483456E-19
  7.3472450590475783E-20
 -1.7553808105028663E-19
 -2.0472953038823890E-19
  5.6210088186437164E-20
  2.8512756163314328E-20
  1.4260389494609420E-19
  2.8740344984938652E-19
  4.7581748765725719E-20
  2.2610419235388072E-19
 -4.1437412639893331E-19
  4.0904701190215873E-19
 -5.3892609448873646E-19
  4.5333159486580905E-19
 -2.4779083800474951E-19
  1.5911546190158176E-19
  1.3399580490489602E-19
 -2.4131180120056288E-19
  4.4424160804230992E-19
 -3.9092199461724144E-19
  2.7134431066518810E-19
  4.4423701613184224E-21
 -1.8652306002161829E-19
  4.3630107481074860E-20
 -1.7574341089407545E-19
  7.7207765819265748E-20
  2.9074933200447969E-19
 -6.5967557333704576E-19
  1.4042524492789150E-19
  6.4353656209284748E-20
  3.2200123920769985E-19
 -4.9205770352111741E-19
  3.1994123926027008E-19
 -3.2774304921680909E-19
  2.8676604118126037E-19
  9.5245117193074384E-20
  2.2321266260636324E-19
  6.9377597550011810E-20
 -3.9245971703770869E-20
 -1.1479932135315416E-19
 -2.2327126545667795E-19
  2.0994049008776809E-19
 -1.6674693591077059E-19
 -6.6674709452396216E-20
  3.6019526917050919E-19
 -1.6589053212973670E-19
