                     128
                  0.2315
      0.0000000000000000
  5.3876786861068546E-02
  2.3773811820143726E-02
 -2.8786415496268709E-03
  4.4603664814197149E-04
 -7.7435659988865893E-05
  1.4336589570494590E-05
 -2.7650315636975173E-06
  5.4853769431034796E-07
 -1.1109111422777586E-07
  2.2855960844033997E-08
 -4.7612423451300948E-09
  1.0018669321823659E-09
 -2.1257249992270961E-10
  4.5418522736013357E-11
 -9.7619870985694190E-12
  2.1089508995187884E-12
 -4.5764535894255632E-13
  9.9698961032294272E-14
 -2.1794227592540446E-14
  4.7788843307725607E-15
 -1.0533984743352224E-15
  2.3230996839523843E-16
 -5.0550855465915028E-17
  8.8804933609196878E-18
 -1.6737384031224236E-18
  2.9179084767069267E-18
 -2.2357050398346194E-18
 -1.6343169879180331E-19
  1.7177193821760050E-18
 -1.3994938374907601E-18
  1.6181375713261856E-18
 -9.9149266808761174E-19
  1.4474643600120754E-18
 -1.6661910634001784E-18
  4.2253849971979241E-19
 -6.0927389619124845E-19
 -1.8623159340997726E-19
  1.0094352719658965E-18
  2.5591811220256119E-19
  1.9899610306859912E-19
 -6.6576918596763083E-19
 -5.5003711283555293E-19
 -1.9449232142361871E-19
  1.3933349636331906E-18
 -1.0974263966925340E-18
  1.0506297532879121E-18
 -2.9145228441420943E-19
 -7.9290767549151734E-19
  3.7352308469332808E-19
  1.0471122425780099E-18
 -1.9627816863318608E-19
  5.1588300321449095E-20
  7.3978781634787028E-20
  8.8241871114157955E-19
 -8.3334730180840401E-19
  4.7789224643814424E-19
 -6.8245927490893548E-19
  1.8453640510733301E-19
  2.9889622318567822E-19
 -1.0186389009267394E-19
  3.6001032009989413E-19
 -1.8963004900201174E-19
 -1.4650056379753236E-19
  4.0255628990333020E-19
 -2.8724572297488279E-19
  3.6570822212409733E-20
  4.5065625787037302E-19
 -4.4006733360441982E-19
  1.9793821998863849E-19
  4.7535897694013750E-19
 -3.2091343640601633E-19
  1.9665675608815403E-19
 -4.0730638457467849E-19
  1.4617064540821582E-19
  2.4441952684015518E-19
 -6.1246844069287842E-19
  1.2100659723107382E-19
 -7.8045488314374704E-20
  2.3846342005805876E-19
  1.2487884254838340E-19
 -4.9930555161598834E-19
  1.0139298113653032E-19
  1.1484624246174949E-19
 -3.0357615945307202E-19
  3.1017561926880982E-19
 -8.2037213016396111E-20
 -1.1136940903998007E-20
  2.6177441998351186E-19
 -2.1165167226718503E-19
 -1.9840523761478814E-19
  4.5074449011528173E-19
 -7.0667693465730858E-20
  1.6058909332793928E-19
  4.0203238403525280E-19
  1.0595554595946039E-19
 -1.0397259181314804E-20
 -5.3380157549132886E-19
  2.0719841415363699E-20
 -1.1917556634688651E-19
  3.5858067482725887E-19
 -5.3170691326379407E-19
 -8.6935709045341843E-20
  3.3778275155396319E-19
  1.4008336785936456E-19
 -4.7074020258799312E-20
 -1.9858407682497299E-19
  3.9573212106925224E-20
 -3.0345584005365260E-19
  8.2650607711027502E-20
  1.9741566092587195E-19
  3.9842218174426937E-19
 -3.6455263392627501E-19
 -1.3347829293899282E-19
 -1.0933032938450066E-19
  8.8460954464488943E-20
  1.3396970923824869E-20
  1.6802054317084146E-19
 -1.6239682030951098E-19
 -7.3231148823844262E-20
  1.1810781876373618E-19
 -1.0951366345618382E-19
 -9.6888375138693880E-20
 -2.8926679097976752E-20
  5.3518116109357385E-19
 -3.2077801627809491E-19
  1.7468012945233899E-19
  4.9509511675244305E-20
 -1.7242507587183285E-19
