                      32
                  0.0340
      0.0000000000000000
  1.1560030869349764E-03
  7.8517618128818293E-05
 -1.3363374935963258E-06
  3.0290386388027089E-08
 -7.7240472382750963E-10
  2.1009405065851544E-11
 -5.9526088221910523E-13
  1.7351757242251594E-14
 -5.1732961611636503E-16
  1.7133798103903158E-17
 -1.4456686195979266E-18
 -1.2767598419819516E-18
 -2.4723434363464814E-18
  5.6124195784487064E-18
 -8.6450172406231258E-19
 -1.5714798243895562E-18
 -9.4142799781677743E-19
  1.3721943069148052E-18
  2.9741601465327518E-19
  1.9374561342780211E-18
 -1.4962766797963018E-18
 -2.6973516424995841E-18
  6.5035057784490007E-19
  2.2177448462507670E-18
 -2.4660975727964383E-18
 -4.9217381774032667E-19
  9.1664443439302893E-19
 -1.4381155646552883E-18
 -7.9865791949452164E-19
  5.8575461312442929E-19
 -3.2579010617698690E-19
 -1.1645833693613915E-18
