                      32
                  0.0040
      0.0000000000000000
  1.6000000008212451E-05
  1.2799795218334562E-07
 -2.5600001387973406E-10
  6.8265988096824925E-13
 -2.0532693449043633E-15
  4.7448068681622768E-18
  1.9581594773934026E-18
 -7.0649044442449846E-18
  4.9239088635249347E-18
 -6.8837093699011367E-19
 -2.1721396528837488E-18
  2.3812628248173215E-18
  1.8196229807484126E-18
  1.3944003320573687E-18
  6.3022500477325371E-19
  1.7523747890618365E-19
  4.5113042646485159E-19
 -1.5536380532220069E-18
  7.9510754035418327E-19
  3.9819446384871512E-19
  1.6064330562595520E-18
  8.3151703720226944E-19
 -3.6785817638453531E-18
 -7.9075306103952145E-19
  1.4569932919907196E-19
  1.5060726212827696E-18
  6.4860382717657529E-20
 -1.2647708147398004E-21
  1.4755012559942483E-18
  1.6696451035579749E-18
  6.3953447109551364E-19
 -1.0138187000991353E-18
