                      32
                  0.0170
      0.0000000000000000
  2.8900004826462806E-04
  9.8231641134391713E-06
 -8.3521005794258019E-08
  9.4657156299089721E-10
 -1.2068782205439822E-11
  1.6413803270174751E-13
 -2.3157964819066241E-15
  3.6154007292055747E-17
 -7.9315429588343217E-18
  4.1352054365937384E-18
  1.0404043209804718E-18
  2.8790554617072839E-18
  2.3330715430360702E-19
 -1.8434691376073024E-18
 -2.2936713033460933E-18
  1.7541715188092461E-18
 -1.4432626245025467E-18
  2.2574644898532286E-18
  1.2743052088987570E-18
  1.6429960513568351E-18
 -6.8356092461491716E-19
  2.0434398214090636E-19
 -1.0841765113421351E-18
 -4.8572807532743206E-18
  8.0598304721953265E-19
  4.2154258931700205E-19
 -1.8331185669336797E-18
  2.5769507342303385E-18
 -1.3661438457900884E-18
 -3.7364880950519832E-19
  8.2283809475726772E-19
 -7.3855216967567003E-19
