                     128
                  0.0225
      0.0000000000000000
  5.0541099543546060E-04
  2.2713165045250857E-05
 -2.5544006785726626E-07
  3.8284253614618575E-09
 -6.4551104689976788E-11
  1.1609595251491339E-12
 -2.1750526839747806E-14
  4.1796042188361605E-16
 -7.0094639741493164E-18
 -6.3444988510009873E-19
 -1.0905507771816743E-18
 -7.6962232028116924E-21
  1.4182831968583043E-18
 -1.1142475678548677E-18
  2.0964699308327155E-18
  1.8317644178312429E-19
  6.0913496315275832E-20
 -1.2987369957953362E-18
 -5.4436475048220831E-19
  2.4655792215239671E-19
 -5.5005878419326951E-21
 -6.2877941040958658E-19
  2.8271214460850285E-19
  1.3085171849863315E-18
  3.8060092262873558E-19
 -7.3882003090782144E-19
  7.8628841205242357E-19
  2.0400148974668185E-19
 -1.0897290061278027E-18
  2.5764710122918808E-19
 -5.5520583858041068E-19
 -3.0283519232891087E-19
  3.3378130416841640E-19
  2.6047883397142987E-19
 -2.9480207486288994E-20
 -5.0570824250985637E-19
 -9.0347913908798016E-20
 -2.7312522189773507E-19
  1.2353013815382436E-19
  1.8917017588660174E-19
 -1.6354139253632153E-19
 -6.3608253097983896E-22
 -9.4783517926474930E-19
  3.8264491132599394E-19
  2.7948650121603080E-19
 -8.8730313822872370E-19
  3.3479961053200532E-19
 -8.7718240017448120E-20
  9.8554590313837211E-19
 -1.5690374386462938E-19
 -4.0229313113410138E-20
  6.0500729894777896E-19
 -4.0156524803823241E-19
  2.8375167114479807E-19
 -2.9952369035319240E-20
  1.7915357690698488E-19
 -7.0196873555901007E-20
 -9.3865965299055906E-20
 -5.4657175666712686E-20
 -2.5049922117593603E-21
  4.1424838582716085E-19
 -2.7299329966710383E-19
  2.5928960844090720E-19
  2.8057086608594880E-19
 -6.5737774369678840E-19
  2.9184418205750601E-19
  3.9253722514432831E-19
  6.9610381559767274E-21
  4.0205123327379689E-19
 -2.3089230758127951E-19
  2.7800447423563923E-19
  8.9167221502589554E-20
  1.8072610403014315E-19
  8.1626258391561401E-20
  1.0043845915324247E-19
  7.9773272062047923E-20
 -5.4601644665180309E-19
  2.6973198741245509E-19
  1.0685378748534688E-19
 -2.9504105878959115E-19
  2.4652206274122770E-19
  3.6603321193438596E-21
 -4.0509575752027974E-19
  1.4295059569808188E-21
  2.8016603947280694E-21
  1.0725791774536185E-19
 -8.5935800877733715E-21
  9.6105277214214835E-20
 -6.2916895144476094E-20
 -1.5385757278861476E-19
  9.7958443621100146E-20
 -6.4605311871743136E-20
  2.3050932373270225E-19
 -1.3489598011434074E-19
 -1.0071958903311119E-19
  1.5093426206440327E-19
  7.5403430702480619E-20
  1.1446802558470899E-19
 -3.3635514021642182E-19
  1.3717676018926446E-19
 -4.4608433892711340E-20
  2.7814062766602124E-19
  3.6135162604020606E-20
 -1.5385595956888624E-19
  2.3274046611016163E-20
  1.6233435711616885E-20
  2.0300546633764332E-20
 -3.1885086584743018E-19
  8.8617446685650757E-20
  1.7161448354288682E-20
  3.2329590037867186E-19
 -2.0322876115941509E-19
  6.9929973215375662E-21
  1.4669906760286466E-19
  3.3330694038395965E-20
 -4.3383020409331534E-20
  8.8520077234742612E-20
  1.1512987811508183E-19
  1.1175438066495941E-19
 -1.8159132087397835E-20
 -1.6608053083885972E-19
  6.6173495639994369E-20
 -1.2962045342048900E-19
  3.0685264085892062E-19
  2.7386378869263552E-19
  5.6183543671508343E-20
 -2.3179358201668963E-19
  2.6625161850688065E-19
