                      32
                  0.0300
      0.0000000000000000
  9.0000145701721432E-04
  5.3951603717384338E-05
 -8.1000054829993834E-07
  1.6200033630143286E-08
 -3.6450072216429314E-10
  8.7480170807475761E-12
 -2.1869219359096749E-13
  5.6260925428377814E-15
 -1.5237916501739024E-16
  1.0458834715763681E-18
  1.4275255698628123E-19
  3.5152217928638509E-19
 -3.2247090318455052E-18
  2.3995534423597886E-18
  4.0985849187842733E-18
 -5.1592678945381033E-18
  9.1208043255366663E-20
  2.1351644017373806E-18
  8.9312633015592815E-20
 -2.8384863146883285E-18
  1.6843488752185605E-18
 -1.9540761947876933E-19
 -2.4811440767700104E-18
 -1.2247917863991960E-18
  1.0677526704215220E-18
 -1.2793661304929577E-19
  1.0124601406765677E-18
  5.5160588902054816E-19
 -4.8334940840734041E-19
 -1.6170941951747936E-18
  2.3784806705045247E-18
 -1.3797436432151208E-18
