                      32
                  0.0020
      0.0000000000000000
  4.0000000001223224E-06
  1.5999936006234752E-08
 -1.5999995164349934E-11
  2.1316361953293546E-14
 -1.9597752823022845E-17
 -1.4721626193093573E-17
 -9.9685036548991608E-19
  5.0240900639103670E-18
  2.7618634558325311E-18
  9.1036035323875585E-19
 -3.6409545544689303E-19
 -2.8508538045532898E-18
 -1.5852558853097265E-19
  3.5388355154622796E-18
 -9.7578452735720132E-19
  1.8488252990736119E-18
 -9.9642757739991241E-19
 -1.4775517142439475E-18
  1.0403591846897455E-19
  1.0747211045422368E-18
  6.9402081167497656E-19
  1.8149504068545236E-19
  3.3270999180372624E-19
 -8.1543673437090524E-20
 -9.9798117392364243E-19
  1.0769733070292332E-18
 -1.2535614132239053E-19
 -3.6397783221613455E-19
 -9.4584398950909684E-19
 -2.8016264781127168E-19
  5.8362405573102206E-19
  5.9387434786906498E-19
