                      32
                  0.0210
      0.0000000000000000
  4.4100017147554534E-04
  1.8513848591918313E-05
 -1.9448103156597896E-07
  2.7227353683542447E-09
 -4.2883077991922482E-11
  7.2044374801042217E-13
 -1.2622220227183428E-14
  2.3757762723475872E-16
 -2.9351973395568388E-18
  1.3262762606043662E-18
  2.1152951995965173E-18
  3.0729968365284619E-18
 -1.3769411602456887E-18
 -6.3333781321720482E-19
  1.9190605246227879E-19
 -1.2996916708162910E-18
 -1.2519169251657453E-18
 -1.2629803073267478E-18
  1.3882871258486594E-18
  1.7740785439066300E-18
 -1.3571815096653678E-18
  3.1293293463889487E-18
 -2.0250799036867255E-18
 -6.0270882189477603E-20
  6.5660571852982825E-19
  1.6814827688910372E-19
 -1.3833658299273849E-18
  2.4752297776651918E-19
 -3.9664521889688162E-19
  1.7747020297254661E-18
  8.3217306048839424E-19
  1.2199543333908738E-18
