                     128
                  0.2300
      0.0000000000000000
  5.3185382112940320E-02
  2.3331971370661928E-02
 -2.8057979117248662E-03
  4.3194042629357120E-04
 -7.4510467170393682E-05
  1.3707208127354018E-05
 -2.6268172473365355E-06
  5.1780046782089091E-07
 -1.0419843415570413E-07
  2.1301346872288417E-08
 -4.4091354369771498E-09
  9.2186783283381582E-10
 -1.9435292839720338E-10
  4.1261251882378478E-11
 -8.8119730840948111E-12
  1.8915868297386857E-12
 -4.0786462665834616E-13
  8.8291665309368356E-14
 -1.9179525620917455E-14
  4.1794533821755300E-15
 -9.1328003153512284E-16
  1.9999459334925702E-16
 -4.3609233039861266E-17
  8.1233191662865622E-18
 -3.8819913768899197E-19
  5.2026817383214739E-19
  2.3118334486227232E-19
 -7.9874943789735360E-19
 -2.1522931181801784E-20
  1.2420497199685680E-18
 -2.1170047806587459E-18
  1.5947753894435344E-19
 -8.9270859412192776E-19
  3.4151684653744332E-19
 -3.1072604655516335E-20
  1.9538302243545478E-19
  2.8923174121751474E-19
  6.4838074666272549E-19
 -6.8191962801687648E-19
  6.2519524437217344E-20
  8.4185236662108411E-19
 -3.2328756733398483E-19
 -2.7657455126412579E-19
  6.1533070178434252E-20
 -3.9548360799926059E-19
  5.9303975032019596E-19
 -2.0682836030002899E-20
  2.4190928907759625E-19
 -8.3729371218677174E-19
 -1.0026277405034224E-19
  1.2285967936318938E-18
 -1.7488323705688886E-18
  4.9738386597728834E-19
  2.3580761635379642E-19
  2.5232429405242242E-19
  5.4667880768434332E-19
 -1.2188778139655970E-19
 -5.1621002688975466E-19
  1.5018317862980623E-19
 -2.9779436769295219E-19
  6.1897884264784500E-19
 -3.1848345903032125E-20
 -4.7683689561154724E-20
 -1.9290679049209673E-19
  7.7015933013017194E-19
 -1.7517696239098764E-19
  2.5451150506068580E-19
 -5.9975746276282536E-19
  6.2550563642488366E-19
 -7.8282487213529378E-19
  3.7709289817343602E-19
 -3.4942321583248463E-19
 -5.5352926409228450E-20
  3.2119950176994861E-19
 -2.3189095492044381E-19
  6.0826703354974913E-19
 -4.9911555135886555E-19
  6.6476852313738269E-19
 -5.3493416540075393E-19
  6.1463736743876094E-19
 -1.7726613455308013E-20
 -3.3572075686758476E-19
 -3.1762979440705527E-19
 -1.9063328772972199E-19
  1.6784468077271718E-19
 -9.4015822791243418E-20
 -4.6648434612783171E-20
 -1.6629270789346246E-19
  1.9156882551511385E-20
 -3.0338816673646147E-20
 -1.9659783769008918E-19
  1.5241547500485740E-19
  4.0731548493202239E-19
 -3.0950958480984856E-19
  2.0031961125287004E-19
  1.0851992751440309E-19
  2.8772329611171463E-20
 -1.3007983988964917E-19
  2.9567661251184769E-19
 -6.9890132739707672E-20
 -4.7167727810952394E-20
 -1.2866004718254262E-20
 -2.8968642988103964E-19
  2.6781998534201479E-19
 -4.3526415674422398E-20
 -3.5985000327353746E-19
  2.2149264766806552E-19
 -1.4737935646896762E-19
 -4.0605654666769772E-20
 -1.7192326901912261E-19
  6.6354933299439935E-20
  2.0667004753661367E-19
  1.2199801513308406E-19
 -1.1985021076494591E-19
 -2.5605066032261989E-20
 -6.7654751733920458E-20
  2.4529437554406549E-19
 -4.5003522346849005E-19
  3.4730908513658085E-19
  2.7668914809861166E-19
 -4.7551853700524311E-19
  4.5367513845620718E-19
 -4.9094871169685192E-19
  6.7065306809421695E-19
 -3.7305321020009375E-19
 -3.6962437823686644E-19
  4.6451848108836624E-21
  1.9110599502875953E-19
