                     128
                  0.4416
      0.0000000000000000
  2.0841017487808378E-01
  1.6058014257862252E-01
 -3.9606865074548872E-02
  1.2048657264055360E-02
 -4.0200277965587138E-03
  1.4205066956328605E-03
 -5.2206789721317818E-04
  1.9733804360679119E-04
 -7.6161131194044064E-05
  2.9866221615790726E-05
 -1.1860127018452412E-05
  4.7578886180748733E-06
 -1.9247863403507891E-06
  7.8416586367995177E-07
 -3.2139216081035350E-07
  1.3240489057712441E-07
 -5.4792831227140655E-08
  2.2764442702729443E-08
 -9.4908984129199584E-09
  3.9692649546936328E-09
 -1.6646623613069897E-09
  6.9990131080892068E-10
 -2.9494423899261642E-10
  1.2455094577388446E-10
 -5.2696407397355688E-11
  2.2334394302891176E-11
 -9.4812786227898766E-12
  4.0309411894030426E-12
 -1.7161123623483600E-12
  7.3154628550921075E-13
 -3.1221922380698524E-13
  1.3340497868177945E-13
 -5.7060067954157588E-14
  2.4427389366978251E-14
 -1.0467859448676563E-14
  4.4899688930609113E-15
 -1.9251985406415104E-15
  8.2351546539377298E-16
 -3.5205883548986493E-16
  1.4943032981210044E-16
 -6.1598664473982592E-17
  2.3034570372714072E-17
 -7.2464103312193117E-18
  1.6740675308196750E-18
  2.7109041181457722E-19
 -1.6144100638296632E-18
  1.5354539402938132E-18
 -3.3702088364889035E-19
 -4.1504038238219828E-19
  1.3827703640071242E-18
 -4.8665549629565415E-19
 -1.1690956615143909E-18
  1.8479691293523667E-18
 -1.6060365453055948E-18
  1.3162953045619960E-18
 -1.9804367722105884E-18
  2.3941481223181214E-18
 -1.0121093867259742E-18
  1.0553661021030949E-18
 -2.3915301457350780E-18
  1.7149633326211847E-18
  4.2197969505767877E-19
 -1.0311852709715785E-18
  1.6076443667950858E-18
 -8.3019731590735351E-19
  6.6933073455399253E-19
  1.7727291624143937E-19
 -7.8696972431343309E-19
  1.1973367003092556E-18
 -1.2558157928854356E-18
  1.3338013924104904E-18
 -2.2116762482019187E-18
  2.1367557091382513E-18
 -9.8288873432210758E-19
 -1.9940043316305956E-19
 -7.7322088021299535E-20
  7.5181270119726517E-19
  4.0469973077281744E-19
 -9.0131734785560090E-19
  6.9661376469798189E-19
 -7.2688442421982089E-19
 -5.4139390246156311E-20
  6.6318629343620999E-19
 -8.2352880422097797E-19
  3.8158091576699186E-19
  7.7408833569864086E-19
 -1.7884401971310576E-18
  1.5704057030141963E-18
 -9.0856599931343020E-19
  9.3258043086638908E-19
 -1.1193351252154460E-18
  1.2110643370532755E-18
 -1.2832823148727944E-18
  1.2702514152482702E-18
 -1.4283757387644116E-18
  7.9573226273391549E-19
 -2.3136656650432096E-20
  6.4421947871908321E-19
 -1.1086222505172546E-18
  9.8536537058238560E-19
 -1.0293985140880382E-18
  8.1909467098976240E-19
 -4.1733172638536733E-19
  7.9712228830797765E-19
 -1.0100436562180892E-18
  8.3634109527916724E-19
 -3.3220202452980096E-19
 -6.6824443556595506E-20
  3.6320292073079194E-19
  1.8774822232064212E-19
 -4.2602075228823301E-19
 -1.4417169474259531E-19
  1.0300122065474311E-19
  4.7495325530156665E-19
 -6.1370932346886806E-19
  4.2891978305062442E-19
  4.2154981832456670E-20
 -3.3421500777918129E-19
  1.5145656721079743E-19
  8.9069988338074412E-20
  3.7626018442270046E-20
 -6.4448594832337312E-19
  7.6283533670603153E-19
 -5.1318781884747314E-21
 -6.1340902197132570E-19
  5.2057641898957472E-19
  3.4164819875617744E-20
 -2.1343075703413746E-19
