                      32
                  0.0160
      0.0000000000000000
  2.5600003354800860E-04
  8.1899053520019626E-06
 -6.5536003583976300E-08
  6.9905077799529309E-10
 -8.3886031138702851E-12
  1.0737649844107539E-13
 -1.4326452428945062E-15
  1.5649431397257956E-17
  3.2800903284438613E-18
  2.7661083020249458E-18
 -7.4740525240298251E-18
  2.4050026457097835E-18
  2.6745663438032518E-18
 -9.7688026720087995E-19
 -5.0704527440087906E-18
  2.8259300931539540E-18
  3.3644991976117759E-18
 -1.2632542177561429E-18
 -1.4477467771627523E-18
 -4.5468420391105666E-19
 -2.0940293442690744E-19
  7.7732341823510632E-19
  6.8678392573047332E-19
 -1.5908867735344414E-18
 -2.7106010253277791E-19
 -1.3531095087501820E-18
  3.5400166835383984E-19
  4.4223382857813253E-19
  1.1597316959338877E-18
  5.7077370832401393E-19
 -7.0224915502377103E-19
  4.5652264687049776E-19
