                      32
                  0.0140
      0.0000000000000000
  1.9600001505686994E-04
  5.4869253354419124E-06
 -3.8416001216029508E-08
  3.5854936472864607E-10
 -3.7647800153523979E-12
  4.2163987464315775E-14
 -4.9459263050309144E-16
  7.4620132160820342E-18
  5.4217795414551797E-18
  1.5653785994413958E-19
 -1.4669765215277374E-18
  2.7372795622743135E-18
 -2.2623729609381095E-18
 -2.2158470703362026E-18
  4.6647493498087284E-18
 -9.7722938894097486E-19
  8.6251413402351554E-19
 -1.3705615408559560E-18
  1.3310682221902845E-18
 -5.9479420056955796E-19
 -4.2674938181134628E-19
  2.8007640661690036E-19
  9.4959403597924675E-19
 -6.1443360992698858E-19
  9.5743522231377380E-19
 -7.8091430874514050E-19
  5.1575622864831842E-19
  1.0243350875310545E-18
  7.4506147935897120E-20
 -5.6261773562283320E-19
  6.0813086208662384E-19
 -4.9279348362412928E-19
