                      32
                  0.0010
      0.0000000000000000
  9.9999999999435639E-07
  1.9999979943443100E-09
 -9.9999761201324825E-13
  6.7153300998720491E-16
  9.6295900187695873E-19
  4.9756489634809130E-18
  7.3369433240395393E-18
  5.0904010352324198E-18
  2.6593476153263037E-18
  1.7084036857847351E-18
 -6.8922253903051950E-18
  6.0019932681859178E-18
 -2.5767218150628548E-18
 -2.3631854421308280E-18
  1.3844982868747596E-18
 -3.8970405517450904E-18
 -1.0408235571236539E-18
  5.3697946871975700E-19
 -8.1308753942492011E-19
  1.5567295411058032E-18
  1.3986594522285176E-18
 -1.7791893457715958E-18
  4.0552895637551113E-18
  1.2218864216908523E-18
  1.3786646416624321E-18
 -1.0426423992434567E-18
 -1.8908362455630164E-18
  1.7860814309034837E-18
 -5.3579275979118319E-19
 -9.2666254725403535E-19
 -5.7425885258283753E-19
 -1.1764273351198272E-19
