                     128
                  0.4600
      0.0000000000000000
  2.2872750660129412E-01
  1.8215177336675953E-01
 -4.7014049699115087E-02
  1.4954695628577744E-02
 -5.2072961673421481E-03
  1.9178905825098121E-03
 -7.3431110966728293E-04
  2.8911627443508085E-04
 -1.1622426995303542E-04
  4.7473748267491525E-05
 -1.9637318337945599E-05
  8.2060673953887649E-06
 -3.4581031415804724E-06
  1.4675847239543204E-06
 -6.2657712513858136E-07
  2.6889991917693222E-07
 -1.1592058452673978E-07
  5.0170259634472251E-08
 -2.1789693746479065E-08
  9.4931436335079654E-09
 -4.1474746257890957E-09
  1.8165747202500011E-09
 -7.9747369594123637E-10
  3.5082008248967491E-10
 -1.5462519260133071E-10
  6.8270963912979929E-11
 -3.0192010335485100E-11
  1.3371967602107367E-11
 -5.9306027799112998E-12
  2.6336648011975013E-12
 -1.1709644914071733E-12
  5.2121092219431068E-13
 -2.3223829569642712E-13
  1.0358092336405911E-13
 -4.6242131229762247E-14
  2.0662134589229967E-14
 -9.2395301282695228E-15
  4.1350875304106435E-15
 -1.8512793857771693E-15
  8.2820854351257660E-16
 -3.7158810043276819E-16
  1.6661514453618947E-16
 -7.3186086450937407E-17
  3.1522716850684074E-17
 -1.3547044475452411E-17
  4.8441042053914097E-18
  1.1121002345056343E-18
 -4.4265602555589408E-18
  5.2309027329913364E-18
 -4.1695720164316294E-18
  2.5865798195826629E-18
 -9.3051190212279741E-19
  9.8143379048289444E-19
 -1.4409385593217874E-18
  1.2958911153428215E-18
 -2.4550459623658812E-19
 -9.9085946841886885E-19
  1.2560374919871435E-18
 -1.1201156917581824E-18
  1.6703782287248278E-18
 -1.3280868876662817E-18
  1.6613341543782496E-18
 -2.5579168939751113E-18
  2.7563242328932688E-18
 -1.5146233997561128E-18
  3.1105362643808220E-20
  1.4365373022018889E-18
 -1.0976497438635558E-18
  5.1792857148211459E-19
 -1.1642720262251052E-18
  1.4915417822744279E-18
 -1.0979133031287068E-18
  1.7388269443486040E-19
 -4.3868571807922307E-20
  7.6432723179741521E-20
  2.0853181014650038E-19
 -2.8056157004131314E-19
 -9.2243705497188843E-20
  4.2030621513409584E-19
 -2.5014455597927723E-19
 -1.8038603784600020E-19
  6.5832096325949296E-19
 -3.1917161755946114E-19
 -3.4559875053149311E-19
  7.2291698134936096E-19
 -3.3514644814420093E-20
 -1.2728454539743450E-18
  2.0238563221369524E-18
 -1.8743427789347521E-18
  1.1441368032796368E-18
 -1.4135225002802866E-18
  2.3928918527423709E-18
 -1.9813248730098033E-18
  4.9200913528721742E-19
  1.9816501924939066E-19
  9.6392881642843912E-19
 -2.1885879327396590E-18
  2.1223851750263563E-18
 -1.3179154372967179E-18
  1.6616318567240897E-19
  2.7152916789431263E-19
 -8.7101103318814890E-22
 -3.1661102617201624E-19
  5.6870377105821508E-19
 -4.9615185802733744E-19
  4.1277149625840523E-20
  2.0117064786678991E-19
  7.8773880556997600E-20
 -2.7127720073936015E-19
 -6.9137651463406279E-20
  6.2490625117870550E-19
 -8.0712363566298119E-19
 -3.6105653906420329E-20
  6.7754482088674162E-19
  3.0760673917158174E-19
 -1.2594477158582429E-18
  7.4151859131628725E-19
 -2.9082646091558812E-19
  2.4478345634724296E-19
 -1.7970112745106000E-19
  1.0076572170085590E-19
  4.7627842392663090E-19
 -8.4463369231153377E-19
  1.1253257946176137E-18
 -9.7570908190574392E-19
  8.7755285615530584E-19
 -5.1989399775982326E-19
  1.0457089001127372E-19
