                     128
                  0.2629
      0.0000000000000000
  6.9721053687864576E-02
  3.4517041697034088E-02
 -4.7957042416699154E-03
  8.4578224613830342E-04
 -1.6676682788908343E-04
  3.5057292956500299E-05
 -7.6771351658515672E-06
  1.7293479219546205E-06
 -3.9768523841973505E-07
  9.2907122457299144E-08
 -2.1976718759882817E-08
  5.2510765676330444E-09
 -1.2651534326565980E-09
  3.0695066316102232E-10
 -7.4916006960330473E-11
  1.8378271017018633E-11
 -4.5286739839069894E-12
  1.1203122271832867E-12
 -2.7810641762231116E-13
  6.9250671628412069E-14
 -1.7293450185874851E-14
  4.3265514568422590E-15
 -1.0840252591703951E-15
  2.7449615516478543E-16
 -7.2552267098252913E-17
  2.1222692333335537E-17
 -5.9153253186179057E-18
  3.5317498123270845E-18
 -1.1104570936414447E-18
 -1.1533496850912540E-18
  1.6730640847052357E-18
 -1.9001473521829619E-18
  9.8058781724952224E-19
  1.9260325225368908E-19
 -2.0530141320917656E-19
  7.8601251093987658E-19
 -1.6410657909312634E-18
  1.7412380306100599E-18
 -1.7120743521564256E-18
  4.7389227847204616E-19
  4.2464968320280624E-20
  1.2457757286356676E-18
 -1.1298047604261769E-18
  3.8508689244509715E-19
 -4.0013354560104006E-19
  5.3683444327045305E-19
  2.5487617341299468E-19
  5.5810519408250264E-20
 -6.0301100458905793E-19
  4.1352759172249551E-19
 -4.1027579153152936E-19
  7.3239439252329518E-19
 -4.9159481889859840E-19
 -1.0729829774480725E-19
  5.0535528203391930E-19
 -1.4395082918963514E-19
  5.1151311266576154E-20
  3.2724711295269988E-19
 -4.1585558771743188E-19
 -5.6685144368139201E-19
  7.3878836363940029E-19
 -1.2496280511070778E-18
  8.4887376285119701E-19
 -8.3972759970564158E-19
  8.3726883375637023E-19
 -3.6662509903266648E-19
 -4.4989392768288946E-20
 -9.6737410555513958E-19
  1.0983967914587157E-19
  1.5054567963170229E-18
 -8.2280146992754532E-19
  1.4035486349818012E-18
 -1.5864687048798034E-18
  3.9755557213458914E-19
  1.4264089375412905E-19
  2.8037413938789980E-19
 -4.1791882928048901E-19
  2.3917808318509275E-19
 -1.9501897235823563E-19
  3.7583809917411619E-19
  8.8215986191843358E-20
 -4.4145413975083253E-19
 -1.6423747331004466E-20
 -2.3509940488023982E-19
  1.8502578969656705E-19
  3.5203724250190314E-20
 -1.0756288456820937E-19
  4.2105618585744752E-21
  4.1424363236485892E-19
 -6.9646761167765321E-19
  2.9949541495063957E-19
 -7.7597034772764828E-19
  4.7654242459551644E-19
  2.6908199008649883E-20
  2.4762533458066567E-19
 -4.9238126971136343E-19
  2.2263727013371462E-20
 -4.0662554061487057E-20
  1.0022755527055879E-18
 -3.9646497475870997E-19
  1.2774471856407591E-19
 -2.8574034722239853E-19
  1.7547217022257188E-19
 -3.3269270525753321E-19
  7.3379607324874212E-19
 -7.6548109516332580E-19
  4.8123509673571772E-19
  1.2153172520947303E-19
  1.5308609898257387E-20
 -6.8161984046945277E-21
 -4.4970509896957471E-19
 -1.1598345686138381E-19
  2.4107070297008170E-19
 -7.2397596588139672E-20
  4.2449319299742719E-19
 -5.5666398009688292E-19
 -2.1306176451570259E-19
  6.5555536161112947E-19
 -1.4549076198777768E-19
 -1.0221476998381830E-19
  1.5863425470767932E-19
 -4.2712502108814576E-20
 -5.3788514157245565E-20
 -1.2585760609396613E-19
  1.2816234588429432E-19
 -4.8708275754036012E-19
  3.0827698836222943E-19
 -9.0218923649428307E-20
