                     128
                  0.0684
      0.0000000000000000
  4.6850242746931184E-03
  6.3837244250753778E-04
 -2.1947939590609505E-05
  1.0015327393289280E-06
 -5.1412852475701357E-08
  2.8151875992289574E-09
 -1.6057280641002849E-10
  9.4204444127738573E-12
 -5.6419237493914154E-13
  3.4327938978364154E-14
 -2.1120014596899301E-15
  1.2999031543750971E-16
 -7.3445894841940932E-18
  8.4914875102076767E-19
 -2.8292657600752801E-18
  1.7005020580436562E-18
  2.2540207508824172E-18
 -8.0520290975847432E-19
  6.0221435663228361E-19
  2.8295179891308510E-19
  6.3942846749978952E-20
 -2.6377783912998688E-19
  2.3862679867419000E-19
 -2.6526272322204428E-19
  1.4380813105147855E-19
 -1.2458584766570761E-18
  1.2222149857079841E-18
 -1.7246960028290335E-19
 -4.1456841825313474E-19
  9.7683654991634741E-20
 -5.7679520060062213E-19
 -5.5228321219010735E-19
  4.9763757922105071E-19
 -8.5504694617224450E-19
  2.1965420023534898E-19
 -2.9089682250123387E-20
 -7.9954927390316903E-19
 -4.0829191765907777E-20
  9.8985488626558248E-19
 -5.1350959837838424E-19
 -5.5620215551001663E-19
  4.9351525828834952E-20
 -6.2310737933463991E-20
  6.0098021376905482E-20
 -1.8504556110691734E-19
  2.6474288114069877E-19
  1.1079148556390873E-20
  3.2141384158737313E-19
 -2.9093820118049368E-19
  3.4335088968560495E-19
 -2.7286274457016272E-19
 -5.1867252073171692E-19
  4.8529924617803075E-19
 -4.6883608005654855E-19
 -2.4029206590545553E-19
 -1.1217472880650622E-19
  4.8306167763636575E-19
 -1.1313885419040793E-19
  3.6683527009505479E-19
  6.0951782129000540E-21
 -2.5748493008962748E-19
  2.9380022570858920E-19
  1.9346921301617672E-19
 -2.2450777044371031E-19
 -2.6150576741168272E-19
 -9.6911504687963553E-20
 -2.0927851691888368E-19
  2.0125935063762126E-19
  9.9510745066293050E-20
 -3.5282491099850901E-19
  1.2588545424675057E-19
 -4.7149882637843899E-20
  9.7689807694150775E-20
  1.5100925386423940E-19
 -2.5891585241935789E-19
 -1.6214514324301213E-19
 -1.5968009388056004E-19
  4.9632847629154591E-19
 -2.5818570687088870E-19
  7.1293681239022849E-23
 -1.8137644020170459E-19
 -1.4440102786258299E-19
 -6.8053970492127312E-20
  2.0342843039777327E-19
 -9.2333116505104050E-20
  3.9199058574072174E-19
 -4.5914822904146179E-20
  9.7825043220439283E-20
 -2.9153592419073813E-19
  6.8683779118042884E-20
 -5.5381170959675606E-20
 -2.6154095184247668E-20
  6.2530563441700453E-20
 -2.0050442353746008E-19
  3.1692510805457677E-19
 -5.1931025663781589E-20
  1.9323730854691660E-19
 -1.0297604113201132E-19
 -5.4442717856589495E-19
  1.5260226211871558E-19
  4.6527241155089513E-20
 -5.2521360325576687E-20
  1.5100858036179633E-19
  1.1653036564805461E-20
 -5.7993391500285290E-20
 -2.1938205945139124E-19
 -8.2732891632476609E-20
  3.1536050263968483E-19
 -3.2111740563217467E-19
  2.7607805357875824E-20
  1.5331980797486073E-19
  1.1597118205907882E-19
  6.0828660123505602E-20
 -1.1393470484019354E-19
  1.2822672998749648E-20
  1.5526269569835691E-20
 -8.9161957311817204E-20
 -3.7395076709707736E-20
 -1.4838957887097355E-19
  1.1210152943865898E-19
  1.8560850449956745E-19
 -2.3336569367686880E-19
  1.0907386339724189E-19
 -4.3718463820473910E-19
  2.2253601748735267E-19
 -4.9408353065466413E-20
  2.5868841062588015E-19
 -1.4968060542801893E-19
