                     256
                  0.9600
                  0.7500
  7.6674561329875024E+00
  2.0410301202174434E+01
 -1.7166508799005502E+00
  4.0636383830718268E+00
 -6.8169888586040361E-01
  1.3889355358466544E+00
 -2.7509042639918135E-01
  5.4568656768563639E-01
 -1.1231704339639557E-01
  2.3017761889401669E-01
 -4.7373027411684858E-02
  1.0224338242650673E-01
 -2.0950676465466490E-02
  4.7335318148109470E-02
 -9.7362217045927034E-03
  2.2641323011938930E-02
 -4.7195677800563217E-03
  1.1101876638961184E-02
 -2.3601241179596060E-03
  5.5447523629746608E-03
 -1.2050328452806864E-03
  2.8069515909543885E-03
 -6.2333845030049901E-04
  1.4352622803133050E-03
 -3.2503259305875765E-04
  7.3949090978232259E-04
 -1.7036145270767059E-04
  3.8332221804695735E-04
 -8.9633014306584848E-05
  1.9971160834256560E-04
 -4.7316747041507571E-05
  1.0451896942493733E-04
 -2.5061031415574456E-05
  5.4926446274834052E-05
 -1.3318602838527526E-05
  2.8976989259967283E-05
 -7.1023216660614635E-06
  1.5343261088353826E-05
 -3.7997915671883747E-06
  8.1523037949922829E-06
 -2.0389165345210842E-06
  4.3454829337696302E-06
 -1.0968036053839106E-06
  2.3231595477898192E-06
 -5.9120195582793600E-07
  1.2453396543796578E-06
 -3.1916700405050969E-07
  6.6919281882641530E-07
 -1.7250702814427326E-07
  3.6038297894421542E-07
 -9.3321436678623143E-08
  1.9446144246825778E-07
 -5.0520933315758618E-08
  1.0511848836484749E-07
 -2.7368475450904519E-08
  5.6915987035212183E-08
 -1.4836318260011317E-08
  3.0863369599587087E-08
 -8.0486766874621151E-09
  1.6759424705791892E-08
 -4.3699749930343086E-09
  9.1125512936161024E-09
 -2.3747606220476344E-09
  4.9607525068164789E-09
 -1.2917202567614137E-09
  2.7036149847699273E-09
 -7.0329120727311398E-10
  1.4750113170769655E-09
 -3.8328388643963355E-10
  8.0549512806449371E-10
 -2.0908295633834760E-10
  4.4026290678905798E-10
 -1.1416186466673271E-10
  2.4082903297843637E-10
 -6.2390801789471472E-11
  1.3183216146692939E-10
 -3.4128269192320958E-11
  7.2213897354760920E-11
 -1.8685471669288789E-11
  3.9580540020808021E-11
 -1.0239982801664302E-11
  2.1706191892810499E-11
 -5.6171492665856738E-12
  1.1909996491521570E-11
 -3.0844723285221074E-12
  6.5381757941706194E-12
 -1.6955542027240754E-12
  3.5909248607539443E-12
 -9.3303818526573427E-13
  1.9730630940565892E-12
 -5.1395200450727433E-13
  1.0845665582830851E-12
 -2.8335491967867110E-13
  5.9636481925783190E-13
 -1.5632109294932298E-13
  3.2797779322301832E-13
 -8.6259681259794985E-14
  1.8037810838667288E-13
 -4.7569368417442686E-14
  9.9177759580527302E-14
 -2.6216601935705877E-14
  5.4527821715419921E-14
 -1.4430565993279300E-14
  2.9967581533670881E-14
 -7.9241667095054743E-15
  1.6462520610899092E-14
 -4.3438940658900904E-15
  9.0249803965940253E-15
 -2.3893301535730406E-15
  4.9751777859201977E-15
 -1.3542166362558156E-15
  2.7982102352259997E-15
 -8.3167077370277822E-16
  1.6259694504478405E-15
 -5.5837530534708240E-16
  1.0138991132154642E-15
 -4.4565741538648948E-16
  7.0334095541406602E-16
 -3.9956955242620081E-16
  5.3696774744440950E-16
 -3.7219033479442924E-16
  4.7076533397750049E-16
 -4.0113756448515446E-16
  4.6141705034230632E-16
 -4.2423337807275145E-16
  4.4342897122461552E-16
 -3.7833312151598191E-16
  3.3393108048054240E-16
 -2.5914416838710086E-16
  1.7737293078582019E-16
 -8.6699424472549481E-17
 -1.5840238750628170E-17
  1.0070636498423065E-16
 -1.7050944674467003E-16
  2.1614164318437780E-16
 -2.5483137292013178E-16
  2.8032331824543927E-16
 -3.0517839752964199E-16
  3.2716514797503023E-16
 -3.3370013673465420E-16
  3.4741319015999285E-16
 -3.4830298264409685E-16
  3.5256746860240367E-16
 -3.2187185949077663E-16
  2.9399310653663084E-16
 -2.3856224408023164E-16
  1.9288706383993599E-16
 -1.3548108517687315E-16
  8.5703819100976624E-17
 -4.1204885765032935E-17
  1.2033423735115811E-17
 -6.8495240047867628E-18
 -1.1424482356307186E-17
  3.8701622131473628E-18
 -1.9875436761014743E-17
  1.0670466253529167E-17
 -3.0272444896855241E-17
  9.3869049331347426E-18
 -1.5173411759569577E-17
 -7.8582073033999085E-18
  2.2586798464750011E-17
 -4.7425103652127748E-17
  7.1577038723083597E-17
 -1.0342374459109489E-16
  1.1665687222247945E-16
 -1.3056990859163330E-16
  1.5967598240970715E-16
 -1.6229072069544450E-16
  1.9243824983261836E-16
 -2.0473195604471654E-16
  2.3717741264497968E-16
 -2.4888939110996319E-16
  2.7545917102704774E-16
 -2.7839719785852329E-16
  3.0606687087485151E-16
 -2.9214568569162829E-16
  2.9915804092839760E-16
 -2.6329376454292225E-16
  2.5339190268324008E-16
 -2.0630311396223926E-16
  1.9734430452053575E-16
 -1.5945323746215422E-16
  1.5209354543675846E-16
 -1.3269783615433677E-16
  1.2730165005892240E-16
 -1.1718055133849569E-16
  1.1998318669389624E-16
 -1.1108961334101271E-16
  1.2755653994265753E-16
 -1.3268528214681744E-16
  1.6405691599863375E-16
 -1.5656007144063320E-16
  1.6569062616924460E-16
 -1.4571182337386449E-16
  1.2683791541682053E-16
 -9.7605172709956492E-17
  7.2939215076426091E-17
 -5.4876445802414907E-17
  3.5272811878989507E-17
 -2.8003862262962194E-17
 -6.9120135548965533E-19
  1.7345884062838226E-17
 -4.5492904366403612E-17
  5.4937782562435811E-17
 -7.1372162124185710E-17
  7.0477592021624630E-17
 -5.7026814429512501E-17
  3.1733024465961244E-17
 -4.5927833192113294E-18
 -3.7197718298025315E-17
  5.7756151516738860E-17
 -1.0047769092977821E-16
  1.1324214446275516E-16
 -1.2868937603546271E-16
  1.3071039400237735E-16
 -1.2733016667876457E-16
  1.2885803670769367E-16
 -1.2579687877647421E-16
  1.1820868736298109E-16
 -9.7926467020225795E-17
  7.4538683420250351E-17
 -4.1727162228237906E-17
  1.1547391731002827E-17
  2.5062625205044257E-17
 -5.1787644254043943E-17
  8.1839098071423493E-17
 -9.2271927451925033E-17
  1.0073570140205493E-16
 -9.1998230876838817E-17
  8.2819151595480056E-17
 -6.3991201333923287E-17
  4.8973512568968913E-17
 -2.9564764822211310E-17
  2.2105253332492976E-17
 -8.2366058392345894E-18
  1.7791170968031108E-17
 -2.6055081667224209E-17
  5.3134775413795432E-17
 -7.3077775154587934E-17
  1.0883280234926003E-16
 -1.3239673963338797E-16
  1.5808599948010465E-16
 -1.7180479545906723E-16
  1.6935544884388930E-16
 -1.6823630394129783E-16
  1.5073518118800731E-16
 -1.4421993903223601E-16
  1.3036558864063320E-16
 -1.2798324450012026E-16
  1.1922879124669486E-16
 -1.1434748923954475E-16
  1.0110765028784742E-16
 -8.0915172137215847E-17
  5.7136673440001784E-17
 -2.6028790591928470E-17
  1.2749094537724827E-17
