                      32
                  0.0070
      0.0000000000000000
  4.9000000235257552E-05
  6.8596639374036782E-07
 -2.4009999823099749E-09
  1.1204660229091135E-11
 -5.8823851073464120E-14
  3.2489361736915488E-16
  3.0297960771704192E-18
 -8.0930513548537599E-18
  9.0758893867674412E-18
  3.0313133234700195E-18
  6.4507486688024095E-18
  1.9772068755171589E-18
 -8.2250828632823641E-18
 -1.2846928893299992E-18
  6.7779391929052934E-19
 -2.6341310744274078E-20
  1.4853003855593696E-18
  7.7321770770441720E-19
  5.9280423750189245E-19
 -4.4524476693506972E-19
 -2.1038708024116590E-18
  1.3045493521506871E-18
 -2.3409796288321028E-18
 -9.4700860842020440E-19
  1.4150192171920434E-18
 -7.1469523573475732E-19
 -5.8940149216508044E-19
  1.0576363280985222E-18
 -2.4531131164329687E-18
 -2.4918618808543580E-18
  2.3647692162176903E-18
 -8.4252622320756650E-19
