                     128
                  0.5500
      0.2997006283190849
  3.5249432766425626E-01
  3.6140624508192948E-01
 -1.4543906695018432E-02
  1.0223000301368886E-02
 -6.0591552018923311E-04
  5.5357171336707222E-04
 -3.6332962501735408E-05
  3.5035313386722842E-05
 -2.5583922412483514E-06
  2.4117077514904909E-06
 -1.9030210427762125E-07
  1.7549564053290240E-07
 -1.4518087262588404E-08
  1.3262338707416394E-08
 -1.1282955691716068E-09
  1.0289291708478344E-09
 -8.9130318134685692E-11
  8.1351839186876247E-11
 -7.1441356614521389E-12
  6.5239967954529097E-12
 -5.7992211207303266E-13
  5.2902633748272314E-13
 -4.7580443102013618E-14
  4.3286066602244397E-14
 -3.9383546987835194E-15
  3.5617038465536635E-15
 -3.2123777550865995E-16
  2.9255875493409234E-16
 -2.2614437359540630E-17
  1.5430450684326461E-17
  7.2139829574382510E-18
 -4.9391091164029466E-18
  3.8896592565072339E-18
 -3.5316818813698535E-18
  2.4466578076780771E-18
 -3.4241386197614713E-18
  1.1500424542706879E-18
 -1.0758199720992468E-18
 -1.4588343385001661E-18
  3.9079244264659126E-18
 -2.5608085603979261E-18
  2.2445843494028754E-18
 -5.0745384248516949E-18
  3.0644610998258920E-18
 -1.5622217189478040E-18
  9.9476860890043688E-19
  6.4304480085955803E-19
  8.4026912517575162E-19
  2.0382692865049892E-19
 -2.4363655837195787E-18
  1.4763089158157721E-18
 -7.7193339447938103E-19
  2.3770829131867180E-18
 -2.1804484605286149E-18
  2.3626876546874758E-18
 -1.7079687477407339E-18
  8.6450082729296091E-19
  9.8053393254640514E-20
 -1.1184629699311293E-18
  6.2997059588987089E-20
  3.0283458002923871E-20
  1.4370474514820614E-20
  6.1607937065923008E-19
  6.3797078476209971E-19
 -9.7373581617724777E-19
 -6.4379642420778090E-19
 -8.1448545738400858E-20
 -4.9129708368697816E-19
  5.0798666943425660E-19
  5.8340475425770851E-19
  4.7033270524844490E-19
 -2.1793508739881969E-18
  2.3705221594297549E-18
 -8.0810855665879210E-19
  4.8162147598270652E-19
 -1.0301377936113220E-18
  1.8971888745219026E-18
 -2.3777251927696567E-18
  1.8192588495213114E-19
  1.0471651635117639E-18
 -7.9250253424309157E-19
 -4.8042168529663028E-19
  1.3748740780993467E-18
 -5.3378685230808929E-19
 -1.5111823948049578E-19
 -2.7633698690817499E-18
  3.1692626448680683E-18
 -2.2155329546300505E-18
  1.6359999138847997E-18
 -1.3600408136437265E-18
  2.0749480021947783E-18
 -2.3173639586445625E-18
  1.1372609941085101E-18
 -1.4895151141347456E-18
  1.3978040706351543E-18
 -1.1772108695594879E-18
  8.5979278602608820E-20
  1.3808883022015529E-18
 -2.5059976886254702E-18
  2.8424756665865971E-18
 -2.9346159290858224E-18
  3.6621687706782282E-18
 -2.0946294168725971E-18
  9.2528439479539121E-19
 -9.7168940930750009E-19
  2.3708091628427124E-19
  9.7094553043746801E-19
 -1.0160866591650657E-18
  1.0262798848679709E-20
  4.6309004561678832E-21
  4.7692487991460896E-19
 -9.7160350973594422E-19
 -9.3090902144681731E-19
  1.2092674988801485E-18
 -1.5329390644319535E-20
 -1.2914463005041993E-18
 -1.0221550500235812E-18
  1.4529992501907399E-18
  5.2078086453475692E-19
 -5.2360236273880953E-19
  6.3263924646095746E-20
  9.6848863061598885E-19
 -1.7949537582650216E-18
  1.5095807205752458E-18
 -9.1799096712262268E-19
  4.9130821712281754E-19
 -2.2737112238375603E-19
 -1.8295445957526320E-20
