                     128
                  0.0100
      0.0000000000000000
  1.0000000199985469E-04
  1.9998000933013092E-06
 -1.0000000079041790E-08
  6.6666666326912172E-11
 -4.9999840355747084E-13
  3.9980347642681563E-15
 -3.3723828524897262E-17
  2.1317691863400763E-18
  9.2654597848513068E-19
 -8.9408454773864297E-19
  4.0496518926006569E-19
  3.0392247056149267E-19
  5.7059787150303628E-19
 -5.2806785286083988E-19
  6.7233254270326390E-20
 -1.5276350555783603E-18
  1.3306654267093423E-18
 -5.5460713850003600E-19
 -3.3279120990340390E-19
  4.4412617551360409E-19
 -4.9489462533236985E-19
 -2.9084636065668182E-19
 -6.9344329791176654E-19
 -4.2667932902944469E-20
 -5.9441140819920949E-19
  8.0445990107961901E-19
 -3.1788801330982099E-19
  2.7300192730678767E-19
 -8.5256193830627159E-19
 -5.7735333836324430E-20
  4.7999581622503487E-19
 -3.5684597478625411E-19
  9.3454815158215123E-20
  5.6896555185494033E-20
 -7.6748831670895829E-19
  6.7823080834500332E-19
 -7.1994928697140995E-19
 -1.5375623147980199E-19
 -8.4778245914885548E-20
  8.4337265718921747E-19
  2.2186955967555930E-19
 -1.5868635700225374E-19
  6.6737056965244268E-19
 -2.4968215732122232E-20
 -4.6671289538196933E-19
  6.0754094312760061E-19
  4.5797542825971755E-20
 -3.7719214556190495E-19
 -1.3968589234940260E-19
 -1.8592867517139807E-19
  4.4417436165981244E-19
  5.8045155465570112E-20
  1.7894389083566223E-20
 -4.4420044410553497E-19
  3.0299504900273614E-19
  6.4938336212069061E-20
 -1.6644912488423840E-19
 -9.5032119651819476E-20
  4.7362452576110418E-20
  2.7503315591960501E-19
  3.2831941055832390E-19
 -5.6337982040621346E-20
 -7.9345289777580297E-20
 -9.4595771318677691E-20
 -3.1114612403071503E-19
  5.2581912068371754E-19
 -1.5417010135905958E-19
 -2.8745325896538691E-19
  1.4108055515032902E-19
 -3.2970275976983019E-19
 -1.8783379534731707E-20
  3.8810710771969485E-19
  1.7424483943648237E-19
 -5.0871450352900420E-19
 -1.0476719840153641E-19
 -4.0240101620924128E-19
  3.9537686200840316E-19
 -2.6701716145781352E-19
 -8.7695173984736698E-20
  1.8838684006300137E-21
 -1.0498629825479473E-19
  5.6253888081794960E-19
 -4.5588034797532402E-19
 -8.3117699698136687E-20
  1.0666484558764145E-19
  1.3988346005573642E-19
 -2.7463119027180999E-19
 -7.3503019892328230E-20
 -1.0751879746116956E-20
 -5.5625117612843646E-20
  1.6021425074426614E-19
  1.3511755753236454E-19
 -9.8843785178180362E-20
  2.6113102589083080E-19
  1.8320961993895981E-19
 -2.4760271717100636E-19
 -9.5774619760220206E-20
  1.8205950804903770E-19
  6.6122932196300693E-20
  2.3092798554473459E-19
 -9.2026837495450290E-20
  2.4956881448812002E-19
 -6.5429988110300156E-20
  1.3041305703668992E-19
 -4.7850921054592032E-20
 -5.8899197046102127E-20
  5.9113321076503213E-20
  1.7684859324005180E-19
 -4.2835284409701125E-20
  1.7391852327861953E-19
  7.9669476309424268E-20
 -8.2241196392407125E-20
  1.3538873137689601E-20
  1.4412277606195519E-19
 -5.8517991982147511E-20
 -1.2145134064220963E-21
 -2.1136937303205523E-19
  5.9002689795502729E-20
 -3.4687099207708030E-20
  1.3422743211630766E-20
  8.3819671701406416E-20
 -9.8669868251477799E-20
  3.8679769910912599E-20
  8.7195655693031288E-20
 -3.0834396944211806E-19
  5.7419480439404783E-20
  6.7195944300699930E-20
 -1.2564038910475736E-19
