                     128
                  0.2000
      0.0000000000000000
  4.0124416833751536E-02
  1.5469936172959877E-02
 -1.6023580209244795E-03
  2.1415862049163251E-04
 -3.2122458501561637E-05
  5.1389767971442369E-06
 -8.5642139919303000E-07
  1.4680571810111412E-07
 -2.5689745760074429E-08
  4.5668893215156583E-09
 -8.2201423876431366E-10
  1.4945323657307894E-10
 -2.7399157128491721E-11
  5.0582113138646195E-12
 -9.3936687206869938E-13
  1.7534499474229447E-13
 -3.2878047429784269E-14
  6.1882800939338249E-15
 -1.1676521954456900E-15
  2.2110102690688134E-16
 -4.3105008509374293E-17
  8.8079877017736301E-18
 -1.5912540681169124E-18
  1.1842003752584959E-19
  2.2586684912130337E-18
 -7.7743642010310517E-19
 -1.2521919921702408E-18
  6.8569130977082981E-19
 -2.0448628268273148E-18
  5.3665588032348816E-19
 -1.8889433215815406E-18
  1.7214385620212777E-18
 -1.7807701707241229E-18
  2.0281209554088567E-18
 -6.1630456176810659E-19
  3.2128596245070603E-19
 -1.8501737927255268E-19
 -3.6828272583550845E-20
 -1.1295418286614162E-18
 -9.1587950526285396E-20
  1.1332990132408031E-18
 -1.7432848707652653E-18
  1.4594833705209095E-18
 -7.5252865317119979E-19
  6.7606418287505764E-19
 -7.2673637442354756E-20
 -2.0687250784413483E-19
 -7.8072135962430148E-21
 -6.2522531092289624E-20
 -6.4717758368006942E-19
  6.6336969139267934E-19
 -4.7718427004632305E-19
  8.2235141636910165E-19
 -7.7361089432025354E-19
  2.7944826189247799E-19
 -5.7770294276861731E-19
  4.1319572045161829E-20
  8.2467374429044330E-20
  7.0538709992075832E-19
  2.0760762083687168E-20
 -1.6311424065435055E-19
  3.9728667025872086E-19
 -1.2890983864208159E-19
  7.1980077897642580E-19
 -2.0570060851253177E-19
  1.6657978420890088E-19
 -8.5017918991693824E-19
  4.6221884152289441E-19
  4.3286262704440119E-19
 -4.5312621583366393E-19
  9.0727021590602300E-19
 -9.9007398016060123E-19
  3.4852589144559798E-19
 -6.1410596748730023E-19
  4.5963951427565461E-19
  1.0314349818796763E-19
 -5.6639219281055594E-19
 -9.4753723768968650E-20
  3.5329956898879541E-19
  5.8882711194679453E-19
 -2.3272763002208532E-19
  2.0855407653518214E-19
 -4.9767720458659424E-19
  2.3495398277752408E-19
 -1.9647236726244999E-20
 -1.0586577070206891E-19
 -4.3585302296896355E-19
  6.5781899061061259E-19
 -5.3975167308126701E-19
  5.6450502746617846E-19
 -8.4638982512629584E-19
  5.8145218720931139E-19
  2.3657321756198947E-19
 -2.9187033691647608E-19
  2.8120024618864865E-19
  1.8239200771464302E-19
 -5.0895357622559580E-19
  1.8640251722749618E-19
 -7.5040406565333531E-19
  3.9623211684954852E-19
  2.1569807655978521E-19
  2.5448061065665667E-19
 -1.1087565431531549E-19
  3.2815120455795907E-19
  9.4210082410110193E-20
  4.0630243130428705E-19
 -3.1722710228059608E-19
 -3.9709699186570944E-20
  1.5278118183098207E-19
 -1.4717299252747618E-19
  3.8290438124078785E-19
 -3.8328447806612550E-19
  1.1915458898836781E-19
 -3.2101397701886060E-20
 -1.5806601272573357E-19
  1.2636167073957021E-19
 -1.0320097151914846E-19
  1.7212796833146115E-19
 -2.5662896931741186E-19
  2.4226476007262904E-19
 -6.1167458089677050E-20
  1.1262767930465335E-19
  2.0050114024423817E-20
  4.2492746870655586E-20
 -2.6940033717554223E-19
  5.8369213636856302E-19
 -2.6149425625906310E-19
  3.6825632462680331E-20
