                     256
                  0.9100
      0.6432876386455412
  3.2504775868886600E+00
  7.1664600529429743E+00
 -6.1829490194336401E-01
  1.0635242829477933E+00
 -1.6480011485141946E-01
  2.6075187339686207E-01
 -4.4819002841066873E-02
  7.4028835944108320E-02
 -1.3117384412105998E-02
  2.3004298132290268E-02
 -4.1558684524946026E-03
  7.5956580281894464E-03
 -1.3980068714083140E-03
  2.6139191358971704E-03
 -4.9045802387330203E-04
  9.2624965777523985E-04
 -1.7720941504960577E-04
  3.3534131984362052E-04
 -6.5380074451809356E-05
  1.2339103238183963E-04
 -2.4484659895649780E-05
  4.5974265330476581E-05
 -9.2689804872936593E-06
  1.7299484690726162E-05
 -3.5369434318196493E-06
  6.5616188722769440E-06
 -1.3579086113395452E-06
  2.5052443215863733E-06
 -5.2389833413745922E-07
  9.6186976310569125E-07
 -2.0297760578404679E-07
  3.7109932457974378E-07
 -7.8938761911239629E-08
  1.4379041414308436E-07
 -3.0807601557997468E-08
  5.5929908363685596E-08
 -1.2063208104721642E-08
  2.1830953638418897E-08
 -4.7382750967552451E-09
  8.5482116305623941E-09
 -1.8665394715558899E-09
  3.3567895889087204E-09
 -7.3724260426810951E-10
  1.3216042490021610E-09
 -2.9189800221249289E-10
  5.2155301728444312E-10
 -1.1582217206870642E-10
  2.0626044379865761E-10
 -4.6046125780297060E-11
  8.1726800408940194E-11
 -1.8337920117700547E-11
  3.2438809389866996E-11
 -7.3146992039535262E-12
  1.2895787274064267E-11
 -2.9220238140997547E-12
  5.1339596875866935E-12
 -1.1689078483567741E-12
  2.0465437854539623E-12
 -4.6822618580536051E-13
  8.1676970272963210E-13
 -1.8779841279825411E-13
  3.2631677336798711E-13
 -7.5411735052856900E-14
  1.3048151044170052E-13
 -3.0299181656684474E-14
  5.2202600682392930E-14
 -1.2172567342575642E-14
  2.0894322666610198E-14
 -4.9072145182245174E-15
  8.3914979228523676E-15
 -2.0053867757256481E-15
  3.3915142885036371E-15
 -8.3631648482204540E-16
  1.3854482490533574E-15
 -3.5500773088713102E-16
  5.6569523914788051E-16
 -1.4957310524125902E-16
  2.3700679163725918E-16
 -6.6576440338879535E-17
  9.5946348398174338E-17
 -1.4411426296725432E-17
  2.3470757043235464E-17
  1.4197063691779646E-17
 -1.0323057944853627E-17
  2.3161871407338032E-17
 -1.6314784084717477E-17
  8.9718800473809194E-18
 -9.1935919788847314E-19
  1.7330755902822955E-18
 -8.7856035486571143E-18
  1.7979456761329270E-17
 -2.0885287495030318E-17
  1.9477614598625836E-17
 -6.1862877924478351E-18
 -4.7861278005132145E-18
  2.1045778455740615E-17
 -3.5895729486135150E-17
  4.8705624481271304E-17
 -5.3816522053023334E-17
  4.6759507073194835E-17
 -3.5378009838975896E-17
  3.0146793180632337E-17
 -2.5202567091540218E-17
  1.6301210496104558E-17
 -5.6395824874129636E-18
  8.4499975045569338E-19
  8.1724804869323031E-18
 -3.2592089187519977E-18
  4.7778744728224953E-18
  1.5237415516229617E-18
  2.6210331782838960E-18
 -6.1925170631418206E-18
  2.3072826867944786E-17
 -2.8715189979240877E-17
  3.2980973063380206E-17
 -3.2171402227147601E-17
  3.1923773207003984E-17
 -3.4773962932978939E-17
  3.0362995031111557E-17
 -2.9740112324156367E-17
  1.8289892298994591E-17
 -1.3968407962725271E-17
  5.8912760496232010E-18
 -5.2293453573589181E-18
  1.7733654902964951E-18
 -1.3661010599150734E-18
 -8.6011579623653527E-19
  2.1014661802232652E-18
 -9.7825559340801440E-18
  1.7738433797349248E-17
 -2.7287312429802435E-17
  3.2641280256069472E-17
 -3.7344003088840188E-17
  3.7444064929899459E-17
 -3.0544813937512177E-17
  2.5541856273254612E-17
 -1.5091657896213620E-17
  1.6904840438024399E-17
 -1.0248422518334053E-17
  9.5003716749724672E-18
 -4.6676930163457316E-18
 -5.5445060995947095E-20
  9.3033374739499877E-19
 -1.0993429538332481E-18
 -5.8418975963161064E-19
  1.0366322834747887E-17
 -1.4360302533054062E-17
  1.6261032883251616E-17
 -1.7267502111887921E-17
  8.9612581055361484E-18
 -5.2141105996249935E-18
 -6.3104807421297676E-19
  2.8823584293427306E-19
  1.4672021236080778E-18
 -1.1085066322651920E-17
  2.3405223374753925E-17
 -3.9290972310159628E-17
  4.8081231445221026E-17
 -4.8792007269800844E-17
  4.4386687575558734E-17
 -3.5245193673263964E-17
  2.6617255123016362E-17
 -2.3364192049177701E-17
  2.4212405166651906E-17
 -2.6248925038988357E-17
  2.3408832727111269E-17
 -2.1904399859116633E-17
  1.7198712442583919E-17
 -1.1862966342507707E-17
  1.2344048747301022E-17
 -1.0922089411129511E-17
  1.7595658646058372E-17
 -1.8442106657542406E-17
  1.7775164975344563E-17
 -1.2740428944595684E-17
  4.6946753190204222E-18
  6.8971974973705574E-19
 -8.8735617127228387E-18
  1.5219998617069691E-17
 -2.0641507856391929E-17
  2.1198716168227691E-17
 -2.2393321399007645E-17
  1.9267339757260043E-17
 -1.4079433733889620E-17
  7.4574235256310616E-18
 -2.5246963843583981E-18
  9.7208677413860842E-19
 -2.7033839837955632E-18
  9.5104430858871637E-18
 -1.2298837819126566E-17
  1.4705259370959084E-17
 -1.4262197869440928E-17
  1.2448772681318431E-17
 -1.0898923315290829E-17
  3.5245270735834406E-18
  1.3294238240470378E-18
 -1.1068016630951807E-17
  1.5939498141333193E-17
 -2.0256543323710024E-17
  1.7078930468979768E-17
 -1.6052805937952384E-17
  5.1332847621817276E-18
  5.0890961607341702E-18
 -1.5512738687294739E-17
  2.4455132891520165E-17
 -3.0795390707435041E-17
  3.4091276588463281E-17
 -3.5385489763409052E-17
  3.8138937628562981E-17
 -3.7146615790646211E-17
  3.3902557322619771E-17
 -2.6782549936750554E-17
  1.8818869698285106E-17
 -1.1879413536121097E-17
  3.9090313077187595E-18
  6.1926865605327229E-18
 -9.5117607804708426E-18
  1.1372547785034634E-17
 -1.0085206246364064E-17
  7.3839285239056104E-18
 -2.3486259116491590E-18
  1.4780054985361659E-18
  2.1176324323604942E-18
 -1.8718177427616990E-18
 -4.3633778658369199E-19
  2.7825384231843786E-18
 -7.5800699912386760E-18
  1.3622680749939089E-17
 -1.8597800882131053E-17
  2.2267015222878650E-17
 -2.5915013276561999E-17
  2.5845859146727163E-17
 -2.5591437543268349E-17
  2.2951601154328771E-17
 -1.5378260317855665E-17
  8.9375891116936724E-18
  1.1013391649804229E-19
 -6.5410042889984828E-18
  1.2993165666824012E-17
 -1.3688909900825433E-17
  1.5397846472277548E-17
 -1.2868089572939615E-17
  1.1849870124880368E-17
 -8.6674097716329866E-18
  8.8592542725985722E-18
 -9.3336360272302970E-18
  1.0652294710804089E-17
 -1.4521133520760490E-17
  1.8167369125006026E-17
 -1.8727279765302129E-17
  1.7346497812735234E-17
 -1.0095925497007999E-17
  3.8860811392066760E-18
  2.5451802571071893E-18
 -1.7755938927562422E-18
  2.9255723698752971E-18
