                     256
                  0.9800
                  0.8173
  1.5547615703736383E+01
  4.6262464011531627E+01
 -3.5709286013057420E+00
  1.0751213896158342E+01
 -1.7559664907120178E+00
  4.3968929166410966E+00
 -8.9810929524045202E-01
  2.0882210296488934E+00
 -4.6230741965789512E-01
  1.0611140244749684E+00
 -2.3979783462748661E-01
  5.6248442967369638E-01
 -1.2661722926488569E-01
  3.0819295510521100E-01
 -6.8765795039518879E-02
  1.7373082184745128E-01
 -3.8638642994491969E-02
  1.0036336303019833E-01
 -2.2453453201614487E-02
  5.9175317611143405E-02
 -1.3421925522945830E-02
  3.5463531329279506E-02
 -8.1899746379948644E-03
  2.1521172815857255E-02
 -5.0636569017258682E-03
  1.3183859189233158E-02
 -3.1540334610615155E-03
  8.1337400785243229E-03
 -1.9718668185761952E-03
  5.0454089610730357E-03
 -1.2349799088900463E-03
  3.1434130877683029E-03
 -7.7435936547288185E-04
  1.9657666349829181E-03
 -4.8619697519028507E-04
  1.2334884169829686E-03
 -3.0586774961720813E-04
  7.7646936697151807E-04
 -1.9293522268088315E-04
  4.9027416749816309E-04
 -1.2209430440881974E-04
  3.1046884746918505E-04
 -7.7540171225982265E-05
  1.9714542592183979E-04
 -4.9422287891254586E-05
  1.2550296165729844E-04
 -3.1607505488571151E-05
  8.0078636319003837E-05
 -2.0274801107692806E-05
  5.1199710441955247E-05
 -1.3037965643501000E-05
  3.2794712214312210E-05
 -8.4010637650964521E-06
  2.1039474980266127E-05
 -5.4217375075748244E-06
  1.3517193808075926E-05
 -3.5032530061096099E-06
  8.6956617935782942E-06
 -2.2658353509253048E-06
  5.6007206620333962E-06
 -1.4667186747317901E-06
  3.6114750367621494E-06
 -9.5016430578752426E-07
  2.3313537168511542E-06
 -6.1599680058212778E-07
  1.5066160358706575E-06
 -3.9966107167376970E-07
  9.7466753502749557E-07
 -2.5950554809967012E-07
  6.3118445872707068E-07
 -1.6863439623732262E-07
  4.0915186541083895E-07
 -1.0966955649815704E-07
  2.6547257511275642E-07
 -7.1376334111125691E-08
  1.7239979476978622E-07
 -4.6487095225029349E-08
  1.1204922801193208E-07
 -3.0296981966159708E-08
  7.2880075584102084E-08
 -1.9757593742918413E-08
  4.7436282305876110E-08
 -1.2891937710643082E-08
  3.0895196207506968E-08
 -8.4166246793009612E-09
  2.0133980887309450E-08
 -5.4977417763018241E-09
  1.3128351113958340E-08
 -3.5929612681507402E-09
  8.5648422255233612E-09
 -2.3493114392856479E-09
  5.5904512096358036E-09
 -1.5369071354814119E-09
  3.6507698952101331E-09
 -1.0059400260979534E-09
  2.3852030542134200E-09
 -6.5873438211743216E-10
  1.5590621823647361E-09
 -4.3157442185212132E-10
  1.0195130613196901E-09
 -2.8287743880753718E-10
  6.6697174218947545E-10
 -1.8549230346572317E-10
  4.3651711756957482E-10
 -1.2168149537701073E-10
  2.8580389838984764E-10
 -7.9850933622759548E-11
  1.8719830665591915E-10
 -5.2417772551911802E-11
  1.2265826241704294E-10
 -3.4419844767694749E-11
  8.0398341485523865E-11
 -2.2607894348300510E-11
  5.2716624142890413E-11
 -1.4853386054800698E-11
  3.4577543687167390E-11
 -9.7612327171701591E-12
  2.2687375953838781E-11
 -6.4165274827689741E-12
  1.4890684282644695E-11
 -4.2190034807844749E-12
  9.7764808876930502E-12
 -2.7748327849127408E-12
  6.4207044045702375E-12
 -1.8254791819785564E-12
  4.2179964683489804E-12
 -1.2012024120252621E-12
  2.7717645874969713E-12
 -7.9066941047122440E-13
  1.8219882186614892E-12
 -5.2067487613154443E-13
  1.1980704052039108E-12
 -3.4307446752843061E-13
  7.8810708933574440E-13
 -2.2614386745979516E-13
  5.1857618558382553E-13
 -1.4910408903630853E-13
  3.4130229352601912E-13
 -9.8355036578356005E-14
  2.2474962713822862E-13
 -6.4990147001869160E-14
  1.4817249064257293E-13
 -4.3101722250151453E-14
  9.7862964945849484E-14
 -2.8699017712390124E-14
  6.4683681245267125E-14
 -1.9112150673296450E-14
  4.2752363811987806E-14
 -1.2714610117072187E-14
  2.8233192159914639E-14
 -8.4274553777935126E-15
  1.8625880716373558E-14
 -5.5265208087732759E-15
  1.2177352411746311E-14
 -3.4690059652574344E-15
  7.8104754728109259E-15
 -1.9844431513700216E-15
  4.8060648556442538E-15
 -8.9754172815164020E-16
  2.7860881872283686E-15
 -1.9498240350437849E-16
  1.4930250582474065E-15
  2.0563354447168736E-16
  7.2449188645478387E-16
  3.5134200527486634E-16
  3.3842983482936637E-16
  3.3617097418172545E-16
  2.0439339828938755E-16
  1.9235754442741446E-16
  2.1687557673176087E-16
 -1.6189202748923080E-17
  3.0999673390253080E-16
 -2.2920010640274777E-16
  4.3201137978550689E-16
 -3.9272841971347410E-16
  5.4409443367999591E-16
 -5.6367740962929759E-16
  7.3540821009756925E-16
 -7.7849169783983531E-16
  9.5485598815203282E-16
 -1.0205905328859320E-15
  1.1656774418108907E-15
 -1.2009414139198716E-15
  1.2784900205195353E-15
 -1.2424592359691849E-15
  1.2295914232992694E-15
 -1.0982854729037161E-15
  9.9689183604320621E-16
 -8.4443437924565333E-16
  7.1619044331054603E-16
 -5.7958946638288807E-16
  4.5351710145786243E-16
 -3.4484156404218620E-16
  2.1027875678476764E-16
 -1.1659260784805254E-16
 -1.1705348124236798E-17
  1.2283610000083982E-16
 -2.6717562765207910E-16
  3.4611643746317656E-16
 -4.8977072422700411E-16
  5.2514767124000571E-16
 -6.4816527409689310E-16
  6.3488555562748783E-16
 -7.0912317804954180E-16
  6.6988683034017684E-16
 -6.9473803896657819E-16
  6.4524010033572401E-16
 -6.3648211555707183E-16
  5.9556714530896827E-16
 -5.7329772463692271E-16
  5.2417887288490168E-16
 -5.1086158028687824E-16
  4.4676971104784740E-16
 -4.3414015268607499E-16
  3.6537651340039595E-16
 -3.6936975069671453E-16
  3.0864289294163362E-16
 -3.2298994295597330E-16
  2.5076920098721808E-16
 -2.7552323989297795E-16
  1.7766574039545529E-16
 -1.8289275083175724E-16
  6.3775690456668519E-17
 -7.3003691946885841E-17
 -5.3699960162165154E-17
  4.0181324573769889E-17
 -1.2572640963462463E-16
  1.0636001839912944E-16
 -1.3907447533750878E-16
  9.8352264203754442E-17
 -1.2351050720023726E-16
  8.2132093040279465E-17
 -9.7115037364046461E-17
  6.1458869080702668E-17
 -8.2005086690572971E-17
  4.6713420316058107E-17
 -7.8740671543274129E-17
  5.6167635239382063E-17
 -1.2030313851253860E-16
  1.1160437170946346E-16
 -1.5851345936986726E-16
  1.3914188180102547E-16
 -1.6696977086723998E-16
  1.0931911686157903E-16
 -8.8403280331416729E-17
  2.1711663045076997E-18
  4.5557433129272533E-17
 -9.4302445268172072E-17
  1.3038914022602319E-16
 -1.2534820817702583E-16
  1.2845807342783906E-16
 -7.7572465355893065E-17
  7.0661245679059475E-17
 -5.3330470045397568E-18
  2.1593189164571799E-17
  3.4059061937598000E-17
