                     256
                  0.9500
      0.7239474737685054
  6.0835026802756751E+00
  1.5486893648631977E+01
 -1.3252138672884417E+00
  2.8870572432481136E+00
 -4.8088635021666165E-01
  9.1477980517103796E-01
 -1.7645930663480605E-01
  3.3275804358728606E-01
 -6.6137347354688625E-02
  1.3048323246524327E-01
 -2.5961139733638717E-02
  5.4087363923148050E-02
 -1.0777183155902497E-02
  2.3402113132039364E-02
 -4.7076690255581010E-03
  1.0458226170470831E-02
 -2.1388737386296907E-03
  4.7867689988644680E-03
 -9.9879772395788263E-04
  2.2297375910132512E-03
 -4.7488462410304953E-04
  1.0522244945627159E-03
 -2.2839969067025114E-04
  5.0144247045883709E-04
 -1.1067519358965909E-04
  2.4079525752914317E-04
 -5.3911818283709637E-05
  1.1634794224593430E-04
 -2.6372128717738576E-05
  5.6511552080473990E-05
 -1.2950581925402147E-05
  2.7574329887535312E-05
 -6.3844057993413634E-06
  1.3510299620039641E-05
 -3.1599509621229651E-06
  6.6445186924138172E-06
 -1.5702809777696484E-06
  3.2791897046032130E-06
 -7.8334375072178057E-07
  1.6234842843303409E-06
 -3.9216855302361405E-07
  8.0609703596681531E-07
 -1.9694589386353368E-07
  4.0130119197230050E-07
 -9.9162987171330789E-08
  2.0026015108685154E-07
 -5.0032180835622856E-08
  1.0015459442743274E-07
 -2.5283243717747136E-08
  5.0191065659961413E-08
 -1.2791463942440411E-08
  2.5200139689847427E-08
 -6.4770153272715829E-09
  1.2675184384120925E-08
 -3.2817344987009019E-09
  6.3861969047982969E-09
 -1.6636095875371260E-09
  3.2227958952069094E-09
 -8.4371449919193725E-10
  1.6288909258701463E-09
 -4.2808895647045960E-10
  8.2448788362855709E-10
 -2.1730892036319905E-10
  4.1789890953483046E-10
 -1.1036745075198468E-10
  2.1208605935054668E-10
 -5.6083860817210747E-11
  1.0776192884481997E-10
 -2.8515285144382396E-11
  5.4813854493860014E-11
 -1.4506528974327399E-11
  2.7909283051731252E-11
 -7.3840124623829705E-12
  1.4223474113852640E-11
 -3.7605882823033009E-12
  7.2548805342574425E-12
 -1.9162085186093483E-12
  3.7033714167437958E-12
 -9.7690171633761780E-13
  1.8918689365559457E-12
 -4.9830461588951720E-13
  9.6716877025096396E-13
 -2.5433697035137615E-13
  4.9478801036871586E-13
 -1.2986942984583964E-13
  2.5326510446426286E-13
 -6.6317259863102558E-14
  1.2968184699961613E-13
 -3.3839677251604490E-14
  6.6384953196174449E-14
 -1.7210393053142295E-14
  3.3916015853586709E-14
 -8.6679692035261235E-15
  1.7241415644782629E-14
 -4.2638370254500854E-15
  8.6741664585180697E-15
 -2.0258527708103383E-15
  4.3299346140160811E-15
 -9.5277336807891079E-16
  2.1670437084651559E-15
 -4.6432673707204364E-16
  1.0981856927112319E-15
 -2.2277153194456357E-16
  5.4702694371337062E-16
 -8.2508558805013271E-17
  2.5905941564150067E-16
 -6.6415346974487435E-18
  8.3334466725290297E-17
  5.6258279099842213E-17
 -3.8116489257592061E-18
  5.8187215313266500E-17
 -1.1835163133936331E-17
  2.7325977999211268E-17
 -1.4512616276868828E-18
  2.1383743737280967E-17
 -1.5107111523482764E-17
  2.7856981906513809E-17
 -2.3592083434567834E-17
  2.7939439269913663E-17
 -9.4493437497859037E-18
  3.3021850482459738E-18
  1.7989956496066146E-17
 -3.5443748585638716E-17
  4.1300434519217901E-17
 -5.2378742477138643E-17
  5.6946300108405864E-17
 -7.0217017975529192E-17
  7.7919826401566852E-17
 -8.9725663362459604E-17
  8.5943118262903452E-17
 -9.1544016546482533E-17
  7.8268367250389950E-17
 -5.0168882011390631E-17
  2.4868830945054402E-17
  9.7889431249490849E-18
 -2.7527153033706349E-17
  4.5313457397937118E-17
 -4.3909124061846101E-17
  3.2814556942270129E-17
 -1.2182121094989518E-17
 -1.6707073341125761E-17
  3.9770538417266062E-17
 -6.0367714999173631E-17
  7.8388785903745159E-17
 -8.6212359201561984E-17
  8.8973673234670498E-17
 -8.9462378427081064E-17
  8.2600561891281237E-17
 -7.5750962414689942E-17
  5.5833457872700582E-17
 -4.2424083455879454E-17
  2.5293153935897426E-17
 -1.2405796910417058E-17
  3.0083428332921043E-18
 -4.4471357267384193E-18
 -5.5523571467060364E-18
  4.1498851259179078E-18
 -9.1122635813986022E-19
  8.2483959933206735E-18
 -7.8633341294346417E-18
  2.0617636759738827E-17
 -3.2777212526087318E-17
  5.2041676818674632E-17
 -5.5765685262061077E-17
  7.1552839557397712E-17
 -6.2372942747794045E-17
  6.9541756067808626E-17
 -4.8512248005286623E-17
  2.9047417745010541E-17
  1.8017511004785928E-18
 -3.5061902692000214E-17
  6.7175501201850357E-17
 -9.4055288293696812E-17
  1.2078328612122453E-16
 -1.3979862668552665E-16
  1.5809108899452558E-16
 -1.7052883606783766E-16
  1.7557149167040734E-16
 -1.7756520971092480E-16
  1.7155580124148579E-16
 -1.6340303258447263E-16
  1.5230397012922797E-16
 -1.3526992035354329E-16
  1.3213283293281413E-16
 -1.2277827522184165E-16
  1.2293887251549847E-16
 -1.1462447315118070E-16
  1.1122592500232971E-16
 -1.1391794443207274E-16
  1.1803760004815580E-16
 -1.3062096865166732E-16
  1.4032279803938662E-16
 -1.5327691885841294E-16
  1.6019473504383868E-16
 -1.5285161196047539E-16
  1.2989721263429332E-16
 -1.0446868241510888E-16
  6.9161871445741099E-17
 -4.7402551933264712E-17
  2.1776294530634730E-17
 -1.3702284247935316E-17
  1.6091417433612503E-18
 -1.0587506719773096E-17
  6.6518645986376272E-18
 -2.4139928000277926E-17
  1.7854844678461755E-17
 -3.4948567699129926E-17
  4.3627720554492300E-17
 -6.6478102137796962E-17
  8.6666227446017620E-17
 -1.0816607765006433E-16
  1.1772533578557354E-16
 -1.2638799872057661E-16
  1.2390534046320983E-16
 -1.2600148223592847E-16
  1.3016754108313262E-16
 -1.2935523749744381E-16
  1.2537007367171178E-16
 -1.1094955858348179E-16
  9.1112657458986054E-17
 -6.0580239327466098E-17
  2.8299121573059640E-17
 -3.2458723032109220E-18
 -3.0941389706595647E-17
  4.7527238099626446E-17
 -7.6436664992213536E-17
  7.2295808095794165E-17
 -9.1138204261403922E-17
  7.4268092480498417E-17
 -8.0356132684466403E-17
  6.4114542404974201E-17
 -6.0808848619667785E-17
  4.6193731972427445E-17
 -3.9178884625790431E-17
  2.8857380398455676E-17
 -2.1703601803778804E-17
  1.3187068265321288E-17
 -1.5078896804648612E-17
  2.4124246498857942E-17
 -3.3762754266578356E-17
  4.4948894370087502E-17
 -5.7650217395640132E-17
  6.5262392163946265E-17
 -6.9196785356554622E-17
  5.8773163994215930E-17
 -4.5568775826116752E-17
  2.8539609890382847E-17
 -1.9968434545631618E-17
  1.4485337941391343E-17
 -1.1503290839521868E-17
  1.1809356822075468E-17
 -1.0745709641046773E-17
  1.4133754181430048E-17
 -7.5440253603097373E-18
  9.1525791436707512E-18
  3.1551656422686502E-18
