                     128
                  0.2005
      0.0000000000000000
  4.0319393111917561E-02
  1.5580056550612087E-02
 -1.6178966338640075E-03
  2.1676156140311428E-04
 -3.2591310902209820E-05
  5.2265539534576902E-06
 -8.7311635366225555E-07
  1.5002841123779715E-07
 -2.6316997153629144E-08
  4.6896782295277316E-09
 -8.4615117493963141E-10
  1.5421265625253551E-10
 -2.8339873151459207E-11
  5.2444944849467323E-12
 -9.7631220344704454E-13
  1.8268089514612156E-13
 -3.4332932657545882E-14
  6.4796705358474359E-15
 -1.2275121461592411E-15
  2.3478046722836961E-16
 -4.6492272833709279E-17
  1.1015839129927732E-17
 -3.5593137380524218E-18
  2.9776821158518328E-19
 -2.7932100887971676E-19
  4.2618447005066785E-19
  1.7555002334169831E-18
 -1.3566388541383429E-18
  2.1166377527740814E-19
 -4.3982370230632105E-19
 -4.7265619988410472E-19
  7.5045017396890812E-19
 -4.8750304415542460E-19
  4.2346387561618531E-19
 -1.6612238208016778E-20
 -9.1492288992468118E-19
 -6.0927133841579409E-20
  7.1719393001925004E-19
  4.3762342518964146E-19
 -6.9071084440039479E-19
  2.6030182898904090E-19
  2.0506695757430892E-19
 -7.2381901888580127E-19
 -1.3790618812166907E-19
 -7.2911510665608121E-20
  8.6948260004572849E-19
 -2.5210145572115634E-19
 -3.0229455034194783E-19
  1.8083340912568323E-19
  2.5373295913836854E-19
 -2.4753741150839158E-19
 -3.9305951636912160E-19
  5.5505060984604438E-19
 -1.0635615269044659E-18
 -3.0086826130471190E-19
  6.4067644759252217E-19
 -3.8584182858262245E-19
 -3.2206964966616817E-19
 -1.9148433196557358E-19
 -2.0434603112555537E-19
  3.0738851038912395E-19
  5.0950574737906631E-19
  2.2002111275879917E-20
 -4.3283290228635614E-19
  4.5502262004571924E-19
  1.5781272631170882E-19
 -1.3555110887724927E-20
 -8.6191509242373098E-19
 -1.3929829810726447E-19
  5.0388312533569424E-19
 -1.7317006149269381E-19
 -1.4159417864530477E-19
  3.7865091710162559E-19
 -2.0641814356564985E-19
  6.9903106324251046E-19
 -1.8729390942511557E-19
 -2.4098032445995311E-19
 -2.2677573312754859E-19
  3.7248619615172369E-19
 -1.9587047960217201E-19
 -1.3465241478126457E-19
  4.2266972646864465E-19
 -7.9635048367699853E-20
 -2.0037075661642754E-19
  1.2077578511729686E-19
 -4.1138650364477979E-19
  6.7673224558058972E-19
 -6.6678339569530162E-19
  2.2075889475855197E-19
 -1.9898207865545626E-19
 -2.5786404806242276E-19
 -3.1070780198817865E-21
  1.3075895747039385E-19
  7.2391233700914796E-20
 -8.9322582947184743E-21
  1.2704548822556917E-20
 -3.3330834015667498E-19
  4.9617963230298521E-19
  2.8720871226190487E-20
 -2.2366187053507418E-19
  1.3617853530590524E-19
 -4.9770532112977080E-19
  2.3096864432763223E-19
 -4.2514226125837698E-20
 -1.0962692714404177E-19
  3.0913909681457852E-19
 -3.1129073719450713E-19
  8.9624348541022387E-20
 -5.1686454380411849E-20
 -7.1556085164084313E-20
  2.3807183115284948E-19
  4.2099802470253772E-20
  1.3909480657343576E-19
 -7.0078014193242867E-20
  7.0556804989116501E-20
  7.1538701742531706E-20
 -1.2021208135221306E-19
  1.3781980282399322E-19
 -9.4661674013377997E-20
 -8.1361459832388067E-20
  1.7148488551043770E-19
 -1.0157879908321410E-19
  3.3447524921038748E-19
 -3.6526283957023742E-19
  3.2820059395296761E-19
  2.0714609625515130E-19
 -2.8428894202627492E-19
  1.3854448289948662E-19
