                     128
                  0.2500
      0.1270166537925830
  6.2967853785297720E-02
  3.0330615995746286E-02
 -1.9728126482786992E-04
  1.4987290339865856E-04
 -2.5290072883112054E-06
  1.3806460048814229E-06
 -3.2352904320793758E-08
  1.5538491878199062E-08
 -4.1548783116340056E-10
  1.9373106396379165E-10
 -5.3714984658500817E-12
  2.5672989812937430E-12
 -7.0053419675698567E-14
  3.5379011638098887E-14
 -9.2726493924757786E-16
  5.0265831518601486E-16
 -1.8947436149122755E-17
  1.1143307940107014E-17
 -5.4719132109928661E-19
  1.4478835986431849E-18
 -1.4850829284462927E-18
 -4.3603285044665961E-19
  2.1191404064285539E-18
 -2.0142550286177938E-18
  9.2231923035364770E-19
  5.2645962485666567E-19
 -8.4090068297746500E-19
  1.5617876362818489E-18
 -1.0643544221233783E-18
 -5.9549340068872863E-19
 -2.4127527745432700E-19
  1.2115498879721726E-18
 -7.7856877419160756E-19
  4.8468560749315717E-19
  8.4814058740654462E-19
 -6.0613218476198453E-19
 -1.3944907424037191E-19
  1.0074274563964024E-18
  9.2563210886747866E-19
 -2.7988415564719417E-19
 -4.5018433634159867E-19
 -7.5197431823991329E-19
 -7.1429240344614271E-19
  6.4661945927688464E-19
  7.2487803949426695E-19
 -1.3029015860473323E-18
  1.1390736030621580E-18
 -1.2452380606086166E-18
 -3.7022624202185042E-19
  1.0705034223371639E-18
  3.1035540087882185E-19
  8.3581661471996565E-19
 -1.2056409600650992E-18
  8.1381690832101644E-19
 -1.2535620326269347E-18
  2.4574690620139587E-19
 -9.4366272363545919E-19
 -2.7920469687382662E-19
  6.2331750978575493E-19
  1.6242849740807997E-19
  3.9430797999440582E-19
  3.7369657657841065E-19
 -3.1846721399228267E-19
  4.1288010425806249E-20
  2.1082180251828890E-19
  1.9733271517797300E-19
 -1.6110528425332503E-20
 -3.4771787633818521E-19
  5.2077136648061795E-19
 -4.1011236847877628E-19
  4.4661825787527367E-19
 -4.4551890953063275E-19
 -6.0102733133964217E-19
  1.0420004008524447E-20
  1.5622591866130275E-19
 -3.9048093021302501E-19
 -7.5200572758071967E-20
  2.0490535706100148E-19
  2.7460063870917095E-19
 -5.1222961897452261E-19
  4.7120932965872812E-19
 -6.4677992574955481E-20
 -5.9443262123307988E-20
  7.6525856309734113E-19
 -7.9912331549617724E-19
  5.7860888310574017E-19
 -5.5837114264432359E-19
  2.9657836171867337E-19
  2.3161560828488908E-19
 -6.1233121499009116E-19
  1.2025924936014924E-18
 -2.0805790605597786E-19
 -8.1784289148531529E-19
  3.1764636834406391E-19
 -4.7093703609624324E-19
 -3.4438447967280397E-20
  5.0187349443713190E-20
  6.2346546334323677E-19
 -2.8550909278186018E-19
 -5.1127620958974826E-19
 -7.0322521779586480E-20
 -7.2424975439864358E-20
  2.6392611278159070E-19
  1.8662357273331731E-20
  2.5924694134121435E-21
 -1.5465129025944778E-19
  2.6629545927270793E-19
 -6.1856345343344464E-20
 -2.8842103227669354E-19
 -1.0701680015004758E-19
  1.5062259186437550E-19
  2.7750067494549615E-19
  1.5462943019381716E-19
 -3.7106833901268341E-19
  1.6223023988531277E-19
 -5.5373700290983135E-19
  9.0828078194943681E-20
 -2.2798055930517478E-19
  4.1662037593854277E-19
  2.3171311315375435E-19
 -3.0464842977161493E-19
 -1.3977689840621001E-19
  3.8575246545052450E-19
 -6.8845673112885302E-20
 -6.9526969021361289E-20
 -3.3869204752686083E-19
  1.1265522534242352E-19
  5.9133350999577079E-20
