                     256
                  0.8400
      0.5445400016071174
  1.6811901426810092E+00
  3.0686548003983622E+00
 -2.4620716464542833E-01
  3.2404132981378292E-01
 -4.1948472163277802E-02
  5.5515580559204962E-02
 -7.9531073346497758E-03
  1.1368805341866194E-02
 -1.7269888574471268E-03
  2.5627834412762923E-03
 -4.0420864134351782E-04
  6.1142074627673680E-04
 -9.9122900227384137E-05
  1.5144628145736624E-04
 -2.5101539621047759E-05
  3.8530134562526742E-05
 -6.5081331063100353E-06
  1.0001200112777030E-05
 -1.7178721363590692E-06
  2.6366598861334327E-06
 -4.5980558899205941E-07
  7.0375185786679189E-07
 -1.2443219811897829E-07
  1.8972731373246813E-07
 -3.3970820627408774E-08
  5.1572370025661544E-08
 -9.3403422000212911E-09
  1.4115344209914557E-08
 -2.5831235212905573E-09
  3.8859213302816981E-09
 -7.1784161224838311E-10
  1.0751369479077917E-09
 -2.0030469391050935E-10
  2.9875451109087370E-10
 -5.6090437796895712E-11
  8.3332944769068710E-11
 -1.5755668802115960E-11
  2.3323029985747511E-11
 -4.4380603262552413E-12
  6.5473623343763372E-12
 -1.2532657529278027E-12
  1.8430300659801767E-12
 -3.5472590218371809E-13
  5.2008474541902657E-13
 -1.0060826270447987E-13
  1.4708214607156732E-13
 -2.8571642955327399E-14
  4.1672801267148391E-14
 -8.1291822880769714E-15
  1.1829536474729636E-14
 -2.3057924227463265E-15
  3.3528412449193382E-15
 -6.5080157050392707E-16
  9.4879109415517866E-16
 -1.8050830659564055E-16
  2.6243849420458623E-16
 -4.1915333010175164E-17
  6.6791662065717890E-17
 -8.8320054026067089E-19
  6.9878831529430367E-18
  8.0158650454512449E-18
  2.1487062034082360E-19
 -2.2642359432101970E-18
  6.4243187479444860E-18
 -4.2817821060376315E-18
  4.7620773549436694E-18
 -3.4899409904034719E-18
  8.0444765982435420E-19
  7.8438377187074312E-18
 -1.4070274593581154E-17
  1.0846759319236322E-17
 -3.7002093469639462E-18
 -4.3815887323729204E-18
  5.2138290172474457E-18
 -6.1326179712452231E-18
  7.3455958397781324E-18
 -8.1594210545477876E-18
  6.5662204600266952E-18
 -7.7217008143490083E-18
  1.1792972584664715E-17
 -1.7490556407238659E-17
  2.1123896614598777E-17
 -2.5795468826004240E-17
  2.5332229484530778E-17
 -1.7085563299575441E-17
  3.5989141833501287E-18
  9.6925889077085969E-18
 -1.7397590919305218E-17
  2.1610007908563151E-17
 -2.0649217539852482E-17
  1.9745473533802708E-17
 -1.3909173424533655E-17
  1.4359832214195888E-17
 -2.2145822789715901E-17
  2.6272772429014622E-17
 -2.6775060519827874E-17
  2.2271253240355419E-17
 -1.9665519074459504E-17
  1.7254017554379474E-17
 -1.4327643731896079E-17
  9.9145675384420694E-18
 -9.0327775052017947E-18
  1.2342157442165834E-17
 -1.4805135732675478E-17
  1.4602157330685264E-17
 -9.9603803580673749E-18
  9.0821714189506959E-18
 -6.0290523585617231E-18
  3.0829919533878066E-18
 -1.0766596972004723E-18
  5.4263264725347895E-19
 -1.8959346221149045E-18
  5.7356868408171681E-18
 -7.9263922417562964E-18
  7.6631886499181844E-18
 -9.0738150754795078E-18
  7.6531548141816959E-18
 -9.7345234479796448E-18
  7.6417658396227168E-18
 -7.2182334479672913E-18
  6.1988105761807113E-18
 -5.8983458408071085E-18
  3.6632023203217019E-18
 -2.0363412484370994E-18
  3.6646724930842958E-18
 -5.2291883848694688E-18
  7.4762791875553598E-18
 -1.0181752057470451E-18
 -2.8499788266067604E-18
  9.8548204873608607E-18
 -1.2826087125446348E-17
  1.3558963434232582E-17
 -1.4908835812174289E-17
  1.1665977882587836E-17
 -1.1228464200914991E-17
  1.1348879711666252E-17
 -1.1764451145005449E-17
  9.2851909589674835E-18
 -6.1635711829528241E-18
  3.3466929453946880E-18
 -2.9767143015915888E-18
  2.7174575991760706E-18
 -3.4311935531717634E-18
  3.1834217631665485E-18
 -4.6124255186545567E-18
  5.9505084731166639E-18
 -8.7417850459609857E-18
  9.2595110881109297E-18
 -7.8584293243048360E-18
  6.4840319722402360E-18
 -2.9273822472553273E-18
 -2.3053752667959690E-20
  3.6725956377205362E-18
 -7.0822850554934319E-18
  7.3298091646796285E-18
 -7.4295690201746098E-18
  6.6336233069756311E-18
 -5.9352306733763924E-18
  2.9353436558114792E-18
  4.7158011648845674E-19
 -8.2712209304816028E-19
 -9.6507130729424334E-19
  3.3168308600080815E-18
 -2.9200834007154478E-18
  3.1553530501352190E-18
 -3.5332437875368812E-18
  5.7887425875721978E-18
 -5.9419802827705227E-18
  4.8308883152802076E-18
 -4.1661188960308842E-18
  6.4740847656552214E-18
 -6.4085744193314775E-18
  6.4000015642209874E-18
 -5.5919915171921275E-18
  5.2876677311964148E-18
 -5.8597877243855674E-18
  5.5459692270514458E-18
 -4.9875998128731934E-18
  5.2410975133760613E-18
 -7.0816269711796140E-18
  7.9735433158801555E-18
 -7.5210907589752513E-18
  2.1526694315670999E-18
  3.1664076095070202E-18
 -7.2395247459671294E-18
  6.7788412871518496E-18
 -5.6972665430909583E-18
  3.5165123408681153E-18
 -1.0005813573327121E-18
 -1.3846203385492008E-19
  1.9871477400189129E-18
 -2.4560115731224247E-18
 -5.8363969990772307E-20
  3.3057113252207419E-18
 -6.6933019722207927E-18
  6.4871043349919692E-18
 -5.8527030894426831E-18
  3.5138025559639359E-18
 -2.7658675708719372E-18
  2.1599259885023330E-18
 -3.8869328409066917E-18
  5.8002354831231704E-18
 -6.9067903970544093E-18
  5.3373976986833861E-18
 -2.8318166414197338E-18
  3.3413671589901355E-19
  5.1888678358836201E-19
 -3.3297895883979900E-19
  2.0518328240571377E-18
 -1.4888655942699200E-18
  2.1658302823547448E-19
  4.0472896462086977E-19
 -2.4692025686639973E-18
 -2.8611989636895664E-19
  1.8708723748386895E-18
 -2.9026775175837047E-18
  1.4522066765774617E-18
  1.3016636555600324E-18
 -3.5608656424932564E-18
  5.1570610390578283E-18
 -5.0374025706888429E-18
  4.0516983983096014E-18
 -5.7724407758885315E-19
  8.4155896098557565E-19
 -8.0218131869921935E-19
  1.3477570917903686E-18
 -2.7625662877666682E-18
  3.2860691899136352E-18
 -2.9118680392727631E-18
  4.0234893739135034E-18
 -4.7535489756638862E-18
  3.9305950890329771E-18
 -4.0806148070767502E-18
  3.1524824283790257E-18
 -2.9880936670086229E-18
  4.6346566662757212E-18
 -6.8962612258002936E-18
  7.2117426718573387E-18
 -5.3084523658905970E-18
  3.4078987788274338E-18
 -3.5904524298487633E-18
  4.9555997649009483E-18
 -6.8903805240360335E-18
  7.6467752947199178E-18
 -7.9261052611852209E-18
  6.7698354781971900E-18
 -5.5278207909964259E-18
  2.8818308324415139E-18
 -3.7547574705071422E-19
 -5.7901437158138140E-19
  2.5729834783020061E-19
 -7.9706501623547496E-19
  1.7452862281065742E-18
 -2.7545837512412058E-18
  2.8662506561784619E-18
 -4.5364088770954827E-19
