                     128
                  0.0700
      0.0000000000000000
  4.9002344399419829E-03
  6.8271464679038152E-04
 -2.4010487681135562E-05
  1.1205351945423159E-06
 -5.8827929891783779E-08
  3.2943576812269804E-09
 -1.9217061951051297E-10
  1.1530229761544234E-11
 -7.0622434210759238E-13
  4.3942275082297769E-14
 -2.7698500715813894E-15
  1.7414318742154135E-16
 -1.0134052696080904E-17
 -2.8683514762954427E-18
  3.4676038097542376E-18
 -1.8148693876708653E-18
  4.7042735104467951E-20
  2.5414254356651042E-18
 -2.2658611961312234E-18
  4.3370489131167847E-19
  1.0066091972886591E-18
 -2.3229895653718097E-18
  1.8731498594417037E-18
 -8.5801013750577846E-19
  4.1478686552934191E-20
 -1.3595394053944085E-19
 -1.0227827891338193E-18
  8.0748968068630162E-19
  7.2078662692476633E-19
 -2.9254553382526796E-19
  1.0146569649481003E-18
 -3.6977042818203477E-19
  3.4155629584813499E-19
 -1.4910949563548310E-19
  4.1232803061213668E-19
 -2.4510868691761433E-19
 -9.3214826758501398E-19
  8.6913757133303244E-19
  2.3692913434622458E-19
  6.9177893599983907E-20
  4.7246882485712003E-19
 -6.2880725565677278E-20
 -8.5890236896435223E-20
 -6.1593432124546245E-19
  8.7857325748268296E-20
  9.9273603586466345E-20
 -2.4566264617854638E-19
  1.2084835413349547E-19
  6.5188772928625866E-19
  9.0396315746501563E-20
 -1.0742245187041286E-18
  7.3948404385892809E-19
 -6.4189975317163853E-19
  1.9033258585900955E-19
  1.0170382103908857E-18
 -5.4615791570832893E-19
  3.2738196879684148E-19
 -2.3248968453203106E-19
 -3.7961951237096679E-19
 -7.0021583957293081E-19
 -3.5639451309675992E-19
 -5.1561333808491959E-19
  3.6339469731057151E-20
  1.7032683426687133E-19
  2.6992858241137755E-20
  2.7964804171522429E-19
 -4.5932008965936168E-19
 -5.1246398366539959E-20
 -2.8752822835162904E-19
  1.6540254554412115E-19
 -3.0417452712679668E-20
  4.7605188758325821E-19
 -1.9006800642687770E-19
 -1.3874767860672440E-20
 -3.3963965136662778E-19
 -1.3055291465162503E-19
  6.1464296970781942E-19
 -2.8926428400019915E-19
  7.7456488252157058E-20
  2.0592353640427398E-19
  1.4898652643244538E-20
 -7.4179957133866064E-21
  6.8930441226291851E-20
  1.7630538063055870E-19
 -1.4745495922779487E-19
  1.6082004184162092E-20
  5.4169329203475154E-20
 -8.9144636277389869E-20
  5.3822893299826643E-19
 -5.3135365013987494E-19
  7.2364749177045697E-20
 -1.7269507822117292E-20
 -2.4312218856186449E-19
  2.1218179233606221E-20
 -2.0245753474014556E-19
  1.4862042322952123E-19
 -1.8942416434017027E-19
  3.9191667456839260E-20
  2.6645615200979166E-19
 -2.7698346586917953E-19
 -7.6128311686668176E-20
  1.7307710140826528E-19
 -1.2162717815965997E-19
 -1.2722302031173222E-19
 -2.6118134651027651E-20
 -2.2269592713028270E-19
  4.6386683185671540E-19
 -3.4973495667675769E-19
  1.0870205711913908E-19
  1.4799845430397054E-19
 -3.6621508847972162E-19
  9.2805715259888183E-20
 -3.2463831539914935E-19
 -1.0107355479283004E-19
  2.1499443309176291E-19
  1.4656484519837655E-19
  3.7650045164253509E-20
 -2.2087953689310805E-20
  1.1032943283998869E-20
 -1.5615925534263477E-19
 -3.4478199924331851E-20
  1.9932832723964022E-19
 -1.8113178631005199E-19
 -1.9199401643601959E-20
  3.6896584256119154E-20
 -3.0565919451292282E-19
  1.8009615237466910E-19
 -2.7293604833341388E-19
