                     128
                  0.3683
      0.0000000000000000
  1.4027161560363816E-01
  9.3074006552045313E-02
 -1.8758868756168966E-02
  4.6970878520624310E-03
 -1.3009290996042608E-03
  3.8312680535743056E-04
 -1.1749768845321827E-04
  3.7068778902299712E-05
 -1.1940023227731480E-05
  3.9074088594184090E-06
 -1.2947979712712901E-06
  4.3341660239357580E-07
 -1.4629609292440882E-07
  4.9728075386846883E-08
 -1.7004356966440474E-08
  5.8445378031513020E-09
 -2.0178219142768286E-09
  6.9939438763112607E-10
 -2.4326106784871597E-10
  8.4873186410133044E-11
 -2.9694590130001272E-11
  1.0415376502895256E-11
 -3.6615244145363345E-12
  1.2898794868044837E-12
 -4.5526082191139180E-13
  1.6096544236762667E-13
 -5.7003902032165306E-14
  2.0216159306821821E-14
 -7.1806070616055294E-15
  2.5540896249422890E-15
 -9.1057701982149206E-16
  3.2585563345929655E-16
 -1.1645521735417021E-16
  4.2739613467448322E-17
 -1.5686791620537801E-17
  3.7093227481325413E-18
 -1.1260492077722640E-18
  1.1857715867528805E-18
  2.3015009229173297E-19
 -1.1904992031968000E-18
  1.9367428054832293E-19
  2.3950790852669388E-19
 -1.3138024874243350E-18
  8.9299327145070112E-19
  5.3302289884319094E-19
  3.4045611208215643E-19
  7.2565031684730590E-20
 -1.3428203030100908E-18
  1.0462308929264369E-18
 -2.2678377375697141E-19
 -5.2325381879718344E-20
  2.4794537478195583E-19
 -8.1415246181773314E-19
  1.0627972643673664E-19
  8.5446077756808955E-19
 -3.8618661998663968E-19
 -3.6021048652578658E-19
  1.1003293790864231E-18
 -2.5515199521246502E-19
 -1.0821429769746757E-18
  1.3864713293136070E-18
 -1.5066090067914385E-18
  8.6571737245880317E-19
 -5.3254200317240275E-19
  1.1622534767827402E-18
 -1.9313843723448907E-18
  2.5043947644954850E-18
 -2.0476468980677541E-18
  3.7025504116941110E-19
  1.1921415174237811E-19
 -6.3279361933249763E-19
 -2.1996234885252093E-20
  1.0556684743429606E-19
  2.8338701762542412E-19
  2.7668911754729760E-19
 -2.1980623760043932E-19
  5.5271327885647600E-19
 -7.0223945667370921E-19
 -4.3877976876633947E-20
  9.8178439167526014E-19
 -1.0794764670878701E-18
 -2.7126663205319057E-20
  6.3155374654134822E-20
  1.9697515583975161E-19
 -3.8125536408769236E-19
  6.0727725074930391E-19
 -4.9536738625337701E-19
  1.9930507875338609E-19
 -2.9598122164141637E-19
  3.8913525315507340E-19
 -4.3157629737553405E-19
  4.3761524103154943E-19
 -8.9951620952032244E-19
  2.5960046782102404E-19
 -1.7016358184989609E-19
  7.1672028452137225E-19
 -2.6421167648559238E-19
 -5.6301672326423745E-19
  9.0752534288999552E-19
 -7.7098315555945076E-19
  2.9771987467741934E-19
 -3.8735261508466517E-19
  4.4862114184243547E-20
 -2.4810248531718031E-19
  6.0132319240627001E-19
 -3.5686784406355551E-19
 -3.8258082246249463E-19
  7.3123303677948056E-19
 -1.7696407310592580E-19
 -5.1118214425636774E-20
  4.0902086375168037E-19
 -7.0043189646404269E-19
  1.9980799631562060E-19
 -3.3352850946448871E-19
  8.0128006094737781E-20
  9.4727223731315790E-20
 -4.6364525316203383E-20
 -3.7574524067161624E-19
  8.9476877990613012E-20
  2.7714430040343406E-19
 -1.0508529839027021E-20
  1.1570695163337856E-19
 -4.6291099661343215E-21
 -1.6481821372727966E-19
  5.3202118745674318E-20
 -2.2781910215492971E-19
  6.3902262708230877E-19
 -2.9088085925559230E-19
