                     128
                  0.2400
      0.0000000000000000
  5.7967321526837291E-02
  2.6436320895305374E-02
 -3.3282279465061257E-03
  5.3499600604872016E-04
 -9.6303673800785786E-05
  1.8486065635666650E-05
 -3.6965523836631307E-06
  7.6033311090674187E-07
 -1.5965376795570202E-07
  3.4056731686844328E-08
 -7.3557721758117731E-09
  1.6048082998997383E-09
 -3.5304155219886716E-10
  7.8209189469016911E-11
 -1.7428880145034347E-11
  3.9039519400644922E-12
 -8.7836414449869345E-13
  1.9840135000035262E-13
 -4.4968648199841717E-14
  1.0223053116582747E-14
 -2.3296909898238679E-15
  5.3389209391151503E-16
 -1.2604261030560328E-16
  2.9997575534858121E-17
 -5.1579434078569106E-18
  1.5439245813047565E-18
  1.2853795770011248E-18
 -1.0417213728175265E-18
  1.0327305556245791E-18
  4.1402389744100805E-19
 -1.0094993534795583E-18
  4.3243006416355301E-19
 -1.0971705291303026E-18
  2.2549145321925933E-19
 -1.4095781251839160E-18
  2.5301011744989994E-19
  1.6764275142237590E-18
 -4.5401355470033884E-19
 -6.0142454751361339E-19
 -3.0475550721590182E-19
  1.2901662483322589E-18
 -2.0139121919195657E-19
  9.8764255426208597E-19
 -1.1360142236906134E-18
  1.5377853700136605E-18
 -9.4261609666253309E-19
  8.0762551287690369E-19
 -1.4294034295103605E-18
  5.4339917358166083E-19
 -1.9484932608811404E-19
 -5.3392575963388287E-19
  8.1860411050193288E-19
 -3.3575285685259612E-19
  4.4759829137501080E-19
 -9.7149873245647676E-20
 -2.4333308594078102E-19
  1.9443678044969741E-19
  5.5501758824084057E-19
 -8.4300766249554326E-19
  4.9261809909616482E-19
  8.6118173913520936E-19
 -7.2998203593418015E-20
  2.9115430148032479E-20
 -4.1222768408221879E-19
 -1.2777356121691861E-19
 -4.0029663674547733E-19
 -5.4546286740310359E-19
  1.7615850231331769E-19
  2.8063213004345816E-19
  7.5440203088274904E-20
 -3.8158011961981892E-19
  1.7587486241631526E-19
 -1.8444972903346124E-19
  3.3585343570507110E-20
  3.9066404762982252E-19
  2.3213278106595855E-19
 -2.9316998235932663E-20
 -8.5906407229068754E-19
  7.4357705406545516E-19
 -5.1764920648210295E-19
  1.8575123985250394E-19
 -7.4386382661122538E-20
  2.1539161059310084E-19
 -2.4733051029058676E-19
 -5.6956632278868435E-20
 -1.1832894781638324E-19
 -6.4218955191198677E-19
  1.0982706718765879E-18
 -3.2498837917169089E-19
  2.5094005969811233E-19
  2.3026487388518513E-19
 -7.7692024516978014E-19
  9.8385792486781957E-19
 -6.0482422947713187E-19
  1.9358631089097616E-19
 -2.5445101337499930E-19
 -6.0807306107867573E-20
 -1.1649432130033042E-19
 -9.3015799407956555E-20
  2.0464653307460286E-19
  1.3883262234011327E-19
 -1.2119149906020352E-20
 -8.1320004164015060E-20
  2.5158907710562207E-19
 -9.7314776952466124E-19
  5.8371333397311015E-19
 -5.3553527774190621E-19
  5.2946956499955603E-19
 -3.3800751438757265E-19
 -1.0353664087005366E-19
  5.8830010550585419E-20
  6.2654622999406533E-20
  5.5215496087956144E-19
 -1.8770183942645222E-19
 -2.0367907559028649E-19
  1.2466147469418376E-19
 -3.0973402325762788E-19
 -2.7527920138744982E-20
  2.7954839666362423E-19
  3.2266754998497275E-19
 -1.6133940475149832E-19
 -1.7705316536316130E-19
  2.4850547813031579E-19
  1.7450515711845049E-19
  5.8316076336854643E-20
  1.5491122440293825E-19
 -5.0706388187804770E-19
  1.2613690530648992E-19
