                     128
                  0.0180
      0.0000000000000000
  3.2445953907413888E-04
  1.1685033406189425E-05
 -1.0527395742825066E-07
  1.2641831696215985E-09
 -1.7078562557332222E-11
  2.4610203521847678E-13
 -3.6918151906636215E-15
  6.2646770454812671E-17
 -1.5830432265423921E-20
  1.9784557514745686E-18
  1.1206612096418636E-18
 -7.6296645100752105E-19
  1.0500209832412636E-18
 -1.1285845531704323E-18
  5.9298291832851901E-19
 -1.2400640105251793E-18
  7.9965725588183232E-21
 -6.0713070857724420E-19
 -1.7621062392876877E-19
 -1.2918688442861924E-19
  9.2789176890272938E-19
  5.7675488787932347E-19
  1.3701304537407719E-18
  5.4739133373728032E-19
 -1.5486226817130337E-18
 -1.9392228201702754E-19
  5.2675371564462697E-19
 -1.7760160672050861E-18
 -6.3267086477368948E-20
 -1.9231513156726661E-19
 -2.8222966071657276E-19
 -6.1011225922085137E-19
 -1.1083682654948071E-19
 -1.8368994813052199E-19
  1.7765383066048808E-19
  1.1762792587900963E-19
  5.2450543014269929E-19
  2.9589519901674877E-19
  5.3961503950010238E-19
 -1.6182343959012568E-19
  1.8248512926741599E-19
 -4.0015920335097042E-19
 -4.2502535536964987E-19
 -6.8389303330707562E-19
 -4.3196300482664665E-19
  4.6174461016165165E-19
  2.3929587996441795E-19
 -3.1986745032078004E-19
  2.3270904814498085E-19
  4.2562678358204159E-20
  1.2627840232676024E-19
  3.1742675140897321E-19
 -5.4664484970489696E-19
  5.1175247504645768E-20
 -2.0908849476549085E-19
 -3.1602633861400623E-19
  2.8390973147772563E-19
 -2.2266178155499191E-19
  2.2940779837890306E-19
 -1.1040242898912767E-19
 -1.1542133017702211E-19
  8.5494907713048744E-20
 -1.5113146440311013E-19
 -1.5779495379778489E-19
  2.8661517281812189E-19
  3.6743284526673398E-20
  1.1394852491351435E-20
 -2.3896139037254664E-19
  9.2862986289705233E-20
  3.5379629574938273E-20
 -2.7583593912313812E-19
 -4.0003773449052508E-20
  2.0092633193213624E-19
 -5.2645973760838778E-19
  3.8697303406033788E-19
 -4.3903590864692794E-20
 -8.0431343411215676E-20
  1.3075581475167192E-19
 -1.8322167205886933E-20
  4.8009256455174335E-20
 -1.1021443907676658E-19
 -4.2358200746882265E-21
  9.9888496550334011E-20
  2.1951485510012025E-19
 -5.3643461724493083E-19
  1.8764343464823138E-19
  2.1463026696941617E-20
  2.2949479374884465E-19
 -1.9559452512656849E-19
  2.8446131813694366E-19
 -1.5658214397712322E-19
  4.6661874639322065E-19
 -2.7345252718709444E-19
  3.6662833019551335E-20
  5.7711715253790964E-21
  1.6592084033629543E-19
 -2.3337841157191061E-20
 -4.3901098252445882E-20
 -4.4405082164054712E-20
 -5.4297792194243024E-20
  2.8319296056560988E-19
 -1.7044769099391047E-19
  1.8469029474494834E-19
 -7.9574610057000204E-20
 -4.4754642696221690E-19
 -2.8281185124594371E-20
  2.0520279907870001E-20
  1.2580456478494577E-19
  1.2353764523914734E-19
  8.7902490152918253E-20
  3.7830695017249551E-20
 -2.4388556773864826E-19
 -1.2565172459691664E-19
  1.7855070676115393E-19
  2.6322195838913335E-20
 -3.6903466512955917E-20
  1.5707650237682881E-19
  4.8376179568855488E-20
 -2.5613181546783257E-20
  5.8483067493512669E-20
  1.6131392395554618E-19
 -9.5930027235582635E-22
  1.2283815186926269E-19
  1.6481937443919234E-19
 -3.0857808945335877E-19
  1.0963268554890786E-19
  5.8722605695727771E-21
 -2.4615990086456284E-19
