                     128
                  0.2100
      0.0000000000000000
  4.4266279566342083E-02
  1.7858636664704924E-02
 -1.9483216533585819E-03
  2.7354623343495848E-04
 -4.3082164011473279E-05
  7.2367652543141089E-06
 -1.2662998944679185E-06
  2.2791628590432926E-07
 -4.1877129998268963E-08
  7.8166965412352371E-09
 -1.4772991306963528E-09
  2.8202087644045278E-10
 -5.4287562224269094E-11
  1.0523192520061444E-11
 -2.0519803594388510E-12
  4.0218071871358327E-13
 -7.9176737479652204E-14
  1.5650235621294871E-14
 -3.1036633370283908E-15
  6.1921122107003680E-16
 -1.2436400133313508E-16
  2.6002072325028208E-17
 -6.3764188138501905E-18
  1.7468434709768888E-18
 -1.0174812992762774E-18
  1.6042216642540287E-20
 -4.7152285621657229E-20
  5.5446342906895167E-19
  4.3276191199299173E-19
  1.0465138887455763E-18
 -1.2332465872524417E-18
  1.6331136557381258E-19
 -1.4389518781005953E-18
  3.7890447828817695E-19
  2.8538737118789351E-19
  8.7030910875053721E-19
 -2.5670432936136544E-19
 -5.1411884355680652E-19
 -1.3389106207086178E-19
  4.4624608184287154E-20
  6.7621944514958936E-19
  5.8364104474209430E-19
  2.6918542365243463E-19
 -8.0968002439249791E-19
  4.4004013427245628E-19
 -1.3233350911920737E-18
  6.0557236863153119E-19
  2.0697252710247629E-19
  1.6225493912459431E-19
 -3.1671291016408873E-19
  4.7610029442336874E-19
 -1.0055520790448827E-18
  2.2578823472839363E-19
 -6.1861766285714459E-19
  8.4725163301052796E-19
  1.9765351922577263E-19
 -1.3493341245006983E-18
  4.4416391414436552E-19
 -1.9056862462224353E-19
 -1.6590561613431740E-20
  2.5228073179365716E-19
  5.0181625029603032E-19
 -5.9481204931860294E-19
  6.0227470674274992E-19
 -4.9279282681006002E-19
  9.8105771916153012E-19
 -7.3985925825296694E-19
  4.4149548171060003E-19
 -4.3565524047694184E-19
 -3.6185480819853676E-20
  5.2739275691937519E-20
 -1.5544093481694795E-19
  2.2179200120366356E-20
 -4.8160818251192407E-20
  9.6214890143269880E-20
 -1.1821635141306709E-19
  2.8178439573391961E-19
  3.3436791606524986E-19
  3.9715997761186507E-19
  1.7499578564249495E-20
 -1.5727105388411735E-19
 -6.0826828540296979E-19
 -3.7444462243961595E-20
  3.0855608632912744E-19
  2.5829664663061250E-19
 -4.9093876462317650E-19
  1.6761512310004556E-20
  3.8744748732104738E-19
 -6.8982329338862850E-19
  5.5074142374149426E-19
 -4.5196013219298992E-19
  3.3999472397255829E-19
 -4.6184638672447545E-19
 -3.2405015636455219E-19
  2.6232911578813930E-19
  7.0803861950634247E-20
 -3.0632220704214008E-19
  2.6584395933654619E-19
 -3.6243708234690587E-19
  2.3966297245358975E-19
 -6.4372816757530806E-20
  1.0063937982442654E-19
 -2.2857612895987204E-19
  2.4618071530341655E-19
 -1.2696488127736817E-19
 -1.9095725689889735E-19
  3.8232343402336509E-19
 -3.4033259687135486E-19
 -2.0256263172826439E-20
  3.8314622097043432E-19
 -4.2097213003452758E-20
 -3.3439473189166627E-20
  9.7228054558062248E-20
 -4.5386001597363985E-21
 -3.1833511246226479E-19
  6.8184954797276730E-20
  1.4817385232511087E-19
  6.5542498653870206E-20
 -2.4176055679909419E-19
  1.6152868718381673E-19
  2.0223707921046283E-19
  6.1255763548651449E-20
  3.3258547586743871E-19
 -7.1460767140431175E-20
  1.9312778395997289E-19
  5.3919935621898263E-20
 -2.0175788693977723E-19
 -1.5180509733625354E-19
