                     128
                  0.4197
      0.0000000000000000
  1.8611826130182088E-01
  1.3760521656260663E-01
 -3.2078215974537881E-02
  9.2364490975299380E-03
 -2.9240292247403256E-03
  9.8170382175330820E-04
 -3.4297542211494638E-04
  1.2325239658434616E-04
 -4.5223668697878107E-05
  1.6859679521873485E-05
 -6.3647884240103660E-06
  2.4273120308946538E-06
 -9.3347705011131306E-07
  3.6152089091397912E-07
 -1.4085126835138560E-07
  5.5160222341423678E-08
 -2.1698979960001498E-08
  8.5696634454307827E-09
 -3.3962775711319010E-09
  1.3501850320168994E-09
 -5.3826381537838798E-10
  2.1512472988893465E-10
 -8.6174108851560809E-11
  3.4591248686718937E-11
 -1.3911745095898381E-11
  5.6047356458357383E-12
 -2.2616621845999835E-12
  9.1400363170325440E-13
 -3.6988402204414449E-13
  1.4987803066364281E-13
 -6.0804957349878392E-14
  2.4694483304341841E-14
 -1.0039227205945297E-14
  4.0857272488700372E-15
 -1.6633348158067758E-15
  6.7656303259390851E-16
 -2.7563186947221075E-16
  1.1150008128126783E-16
 -4.2658067407432142E-17
  1.4689005582388315E-17
 -3.8073951047071153E-18
 -7.9629032221817467E-19
  1.8461592630425622E-18
 -1.3685851337652817E-18
  2.1197699646052365E-18
 -4.6062106124686262E-18
  6.0150667820821365E-18
 -3.5038571423001332E-18
  8.1315472534281328E-19
 -6.1520357565628235E-19
  1.3221015396849279E-18
  4.8850166784733185E-20
 -7.8903745146321764E-19
  2.1473255169712999E-19
 -3.1211512694663407E-19
  5.4694656586454776E-19
 -1.3359290320502238E-20
 -3.8465680780041100E-19
  1.1465461680308188E-19
  3.2149682918248193E-19
  2.8659467723729255E-19
 -3.4379306963574312E-19
  1.2001523493034507E-21
  3.3176342196904620E-19
 -1.4179539547908759E-20
  4.7996039249655473E-19
 -1.0156230317542106E-18
  3.3583754155332702E-19
 -6.7950284226006808E-19
  9.7176387282969710E-19
 -1.4346441039658921E-18
  1.0351938912977207E-18
  8.6786229870352894E-20
 -5.7129865319895057E-19
  1.1150240044792933E-18
 -3.3389203743958023E-19
 -1.4288121921606720E-19
 -6.5166530169898433E-19
  7.5174219026672059E-19
  7.9765332344315818E-21
 -4.2813655579183378E-19
  4.5304316144526747E-19
 -6.2631897917666080E-19
  1.0142071239039189E-18
 -8.9318350122240927E-19
  2.2051573261125050E-19
  9.9322256233745893E-19
 -6.7891240342549746E-19
  6.5829438620076159E-19
 -1.0736026866016264E-18
  1.0429601119440175E-18
 -8.4487852848865496E-19
  2.1869848348791867E-19
 -2.4295619210172937E-19
  2.9053172556334636E-19
 -8.7287533863025752E-19
  1.1163174469071444E-18
 -1.1901504716978993E-18
  2.7948496065638929E-21
  1.0399583783074520E-18
 -4.3915159647004193E-19
  1.1392711603601838E-19
  3.5782289882975286E-20
  3.0797996743323093E-19
 -5.6074920721194690E-19
  4.8585238420203559E-19
 -5.1604116807851743E-19
  3.9470590339143411E-19
 -4.5376584145781048E-19
 -1.2756996409928726E-20
  2.1326625885245101E-19
 -4.0054434901776095E-19
  9.8331457121766789E-19
 -9.9404419632781110E-19
  7.1649462222767231E-19
 -5.8564867204547156E-19
  5.7899297466860947E-19
 -7.1330587684752390E-19
  4.0938202770189689E-19
 -5.6643192575104901E-19
  3.3303419566323082E-19
  4.7650725528220757E-19
 -6.3600958208219660E-19
  1.0158804789235737E-18
 -5.9528270057857290E-19
 -2.2696274827940193E-19
  3.7503863288627468E-19
 -3.1142251324264550E-19
