                      32
                  0.0310
      0.0000000000000000
  9.6100177372993533E-04
  5.9524997941683568E-05
 -9.2352171290759349E-07
  1.9086145849923523E-08
 -4.4375283503625135E-10
  1.1005074697039766E-11
 -2.8429213030022658E-13
  7.5613973196664482E-15
 -2.0421152604957427E-16
 -3.8574492249460016E-19
  5.4117089033362261E-18
  4.2402666091539191E-18
 -3.7279863983764554E-18
  2.1587424715383303E-18
  1.3108441568237365E-18
 -1.3619927285765104E-18
  1.4448702662639584E-18
 -6.5986917487626643E-19
 -1.2473457172899819E-18
 -1.0392081448939322E-19
  1.5804950683865392E-18
 -6.0095287996242092E-19
 -1.9270742890953303E-19
 -6.7081607567934033E-22
  4.2626869778911141E-20
  1.6257552571355288E-18
 -8.5531627866219725E-19
  3.0664430083673351E-19
 -8.7589786173706781E-19
 -8.5898970862649059E-19
 -1.3592662279057414E-18
  1.3915103518148133E-18
