                     128
                  0.4875
      0.0000000000000000
  2.6187151533301034E-01
  2.1847155857936554E-01
 -6.0124934845945034E-02
  2.0384005804685187E-02
 -7.5456152507044887E-03
  2.9485726149389123E-03
 -1.1966318590700938E-03
  4.9923249109336645E-04
 -2.1264106380712683E-04
  9.2030187653532631E-05
 -4.0336645990605363E-05
  1.7861058942917489E-05
 -7.9758299747636828E-06
  3.5868727044226699E-06
 -1.6228163091426941E-06
  7.3802893024993537E-07
 -3.3715993884417593E-07
  1.5463879191568978E-07
 -7.1174316567765146E-08
  3.2861334863008829E-08
 -1.5214733463249474E-08
  7.0622242850340042E-09
 -3.2855957996986811E-09
  1.5317695096684506E-09
 -7.1548729876551622E-10
  3.3478942797377139E-10
 -1.5690722091951419E-10
  7.3648247308139152E-11
 -3.4616479461328433E-11
  1.6291537730363117E-11
 -7.6764772261332868E-12
  3.6211645075736653E-12
 -1.7099770192425811E-12
  8.0827754652218673E-13
 -3.8241373467669754E-13
  1.8108711997289565E-13
 -8.5822858900243922E-14
  4.0706605872936404E-14
 -1.9322338692052686E-14
  9.1786570571297790E-15
 -4.3633429912591371E-15
  2.0746027875249936E-15
 -9.8618954966698615E-16
  4.6817978898755874E-16
 -2.2117995786809890E-16
  1.0258145850254583E-16
 -4.6764482951496454E-17
  1.9908070510690152E-17
 -7.9257420962742724E-18
  4.8592283514125529E-18
 -2.6434988561803116E-18
  2.0152429600246178E-18
 -1.6680426852896783E-18
  1.2856264612272790E-18
 -1.1809406448847333E-18
  7.8129314223730539E-19
 -4.8244649471249748E-20
 -6.7474653159369724E-19
  3.3290024369616575E-19
 -5.2001045478210850E-19
  4.4605646219935634E-19
 -8.5403841953647533E-20
  1.0578657817436942E-18
 -1.6561326681348691E-18
  1.4570830544949252E-18
 -4.2979886904394791E-19
  7.2422931714466790E-19
 -1.5803429610105534E-18
  1.0698808505752729E-18
 -9.6660933749857617E-19
  6.1810244460290087E-19
  1.4783310869122523E-19
 -6.1765580521092225E-19
  1.3624320644215019E-18
 -1.6380210905062884E-18
  1.0042755186548507E-18
  4.0910232118929582E-19
 -3.8045315612805263E-19
 -1.4954812360892377E-18
  2.1239808710677868E-18
 -1.1980761244792589E-18
  4.8170850722753986E-19
 -1.8145852885546778E-19
 -8.2913956554650053E-19
  1.5313045470722310E-18
 -1.8844999145897677E-18
  1.5926034667312405E-18
 -8.0831627353656907E-19
 -1.7495965370228972E-19
  4.3705121706367919E-19
 -7.1481006805197497E-19
  1.3381252355684319E-18
 -6.8975813504575287E-19
 -2.0566510964204078E-19
 -2.7537637435635765E-19
  3.9262349446072255E-19
 -4.4995661017701403E-19
  1.0946346713467274E-18
 -1.2076865775318777E-18
  4.1039296433226209E-19
 -3.5037688618686423E-20
 -1.2310541511464440E-19
 -1.0310390970402162E-19
  2.4864114846332999E-20
 -2.1298555960607394E-21
 -1.7759902673214512E-19
  2.1885551658221022E-19
 -3.4454496915573463E-20
  2.0734436232663428E-19
 -9.5526635184394347E-19
  1.2136400630373422E-18
 -8.8398595015686214E-19
  4.7048865374491993E-19
  1.2752276126112642E-19
 -6.9060832098078542E-19
  5.9333533953890987E-19
 -4.2874710767696700E-19
  1.4412172070808496E-19
  5.0838097223683812E-19
 -1.0091535851494105E-18
  1.9308609849519506E-19
  4.7652744763480190E-19
  8.8111863483833254E-20
 -5.5245022992786911E-19
  6.1260708277797910E-19
 -5.9164241417156628E-19
 -1.9374647351111459E-19
  2.8134003035932669E-19
