                     128
                  0.2471
      0.0000000000000000
  6.1518920473788104E-02
  2.8812884506694360E-02
 -3.7443022504856293E-03
  6.2012044541205776E-04
 -1.1495489787186054E-04
  2.2722893816879208E-05
 -4.6789820933229387E-06
  9.9105112891835575E-07
 -2.1429428690512737E-07
  4.7073313303027180E-08
 -1.0469868943868338E-08
  2.3522198033500148E-09
 -5.3287184302903146E-10
  1.2156184397328460E-10
 -2.7896632930702376E-11
  6.4347214688787139E-12
 -1.4908848023990976E-12
  3.4678586936703223E-13
 -8.0945684011985340E-14
  1.8951821427063780E-14
 -4.4496019641100592E-15
  1.0491390432680540E-15
 -2.4975402127495377E-16
  6.0216904527175075E-17
 -1.4965489014090708E-17
  5.3668360784997590E-18
 -3.3711809497579060E-18
  2.3674145197910449E-18
 -8.8337002326427718E-19
  6.6151442901152163E-19
 -8.3795297966552139E-19
  5.5010619928443833E-19
  9.2807923805169550E-20
 -1.9209152998824993E-19
 -5.9083579259725277E-19
  9.7880566829410020E-19
 -1.0078988935915160E-18
  4.9569084207489054E-20
  8.0561347261171140E-20
  6.5336318609779010E-19
  7.9146330259034624E-19
 -7.9321043280916377E-19
  5.3470418931090379E-20
  5.7046823077878473E-20
  9.1063096856062816E-19
 -1.0426078590487342E-18
  1.2662370692917834E-18
  6.6053669757189839E-20
 -4.0174883165302914E-19
  1.0202436332101747E-18
 -4.1541200225629904E-19
 -4.4136542910234652E-19
 -5.5399009970239221E-19
  7.1330241918198134E-19
 -7.2031914946930253E-19
  5.6725600453464574E-19
 -5.9997321816479349E-19
  5.0309181555856366E-19
 -4.6023984141483442E-19
 -1.1435748574412491E-19
  7.7822002679572254E-19
 -5.6882743551855724E-19
  2.8409222963194271E-19
  1.4751678505446389E-19
 -6.2754149076638974E-19
  4.5574407458712205E-19
 -1.1306083950662451E-19
  1.3635393733668524E-19
 -7.4823864785248307E-20
  1.9488921751724451E-19
  1.4808103622230938E-19
 -1.7191480549215787E-19
  3.8295346780055028E-19
  3.3541640348889963E-19
 -1.2095969381591682E-19
 -5.2151983983678737E-19
  2.2543351393806952E-20
 -2.8126851931371926E-19
 -5.9178976841055685E-19
  3.2367902066942597E-19
  4.6472744357842549E-19
 -3.3350262146308914E-19
  4.1532429443878175E-19
 -2.2415220773513441E-19
 -4.4310955411857720E-20
  6.8189242117615506E-19
 -7.8475456010306057E-19
  8.3050408121714277E-20
 -4.1640890990918975E-19
  5.9708637665871322E-19
  2.4848976041783083E-20
  1.5265001752505433E-19
  3.2863774795926555E-19
 -5.2176941812960260E-19
  5.2834991002307410E-19
 -8.6632871574611643E-19
  4.7671758833532564E-19
  4.2019798231114938E-19
 -5.8110222740412765E-19
  2.3925335085171250E-19
 -3.2850737573493283E-19
  2.7080386259103170E-19
  7.0012829396369139E-20
 -1.4525463402290835E-19
  3.6579700286177102E-19
 -3.1570635720389449E-19
  1.6955458322082314E-19
 -4.1795198662175610E-19
  4.2672810625229939E-19
 -4.1798839949536635E-19
 -6.0012440335534585E-20
 -2.0047249090680533E-19
  3.8821002491839572E-19
 -7.0958576019564114E-20
 -1.8856344999480063E-19
  3.4251971917516503E-19
 -5.1217965980306517E-19
  1.5234363343338430E-19
 -7.9059804436200849E-20
  1.6566845244231478E-20
 -1.0166494611946932E-19
  1.6011270370162930E-19
 -3.0740795720882938E-19
  2.3995104521320573E-19
 -6.2466760494414498E-20
 -3.4400344920229520E-20
  4.7799881357670739E-20
  1.4359051076468735E-20
