                      32
                  0.0330
      0.0000000000000000
  1.0890025808298876E-03
  7.1796126037287745E-05
 -1.1859221760417165E-06
  2.6090341307853890E-08
 -6.4573584422762422E-10
  1.7047425843455425E-11
 -4.6880042100901785E-13
  1.3258326272430731E-14
 -3.8319370247837234E-16
  1.5952265747566029E-17
 -5.6925127130135499E-18
  9.1010882253679469E-20
  5.3436143839749537E-19
 -5.1413750922497044E-19
  1.4201417091674274E-18
 -1.5937476033722030E-18
  1.1446434459067868E-18
 -1.8003329909176330E-18
 -2.4024658767947892E-18
  1.0372260497131857E-18
 -9.4140053062873798E-19
 -1.0352851173445328E-18
 -1.1509613793593442E-18
  1.1828479008155220E-18
 -2.5014871622535600E-19
 -8.6640840770823698E-19
 -1.5753663619209138E-18
  2.6433045141055941E-19
 -9.1387007984333530E-19
  2.8172453616447500E-19
  1.9164748046841097E-20
  6.6823356487187355E-19
