                      32
                  0.0380
      0.0000000000000000
  1.4440060153657537E-03
  1.0958659416802228E-04
 -2.0851396396026513E-06
  5.2823727393905730E-08
 -1.5054758369411024E-09
  4.5766455219356029E-11
 -1.4492711333783551E-12
  4.7208232120302889E-14
 -1.5682734615997341E-15
  5.1493126474923137E-17
 -4.9322494338979739E-18
  1.4667371650275464E-18
 -1.0591174100423945E-18
 -1.0616546985695506E-18
 -1.2596669792541889E-18
 -1.0328633280300703E-18
  1.5981507419443018E-18
  1.3290965664348058E-18
 -1.9195467164243400E-18
  1.2389234385591452E-18
 -1.3205594450346281E-18
  1.2845659659666436E-18
  1.4254802185425980E-18
 -1.1309103630682701E-18
 -8.2051575182893665E-20
  6.8585567654636272E-19
 -7.6063272286983771E-19
  9.7665740117757894E-19
  1.2937249683891695E-18
 -2.2342196308368584E-18
  1.5707057082422384E-18
  3.3616504493655983E-19
