                     128
                  0.1000
      0.0501256289338003
  1.0001985238346441E-02
  1.9859873201384624E-03
 -9.6307914550270494E-07
  1.6322419646331963E-06
 -2.3311805078121315E-09
  2.4174863541636758E-09
 -5.6351924827557558E-12
  4.2673543955223006E-12
 -1.3620011433776447E-14
  8.2120876457090528E-15
 -3.1602083798811285E-17
  1.5645733287910568E-17
  1.6434156288116976E-18
  1.4650476866416075E-19
 -2.0269474693823029E-19
  1.0029728569526352E-18
  1.3709080345209843E-18
 -1.3996096034547765E-18
 -4.2589239050541695E-19
 -1.0946843245822548E-18
 -9.8169420125252300E-19
  5.5694541174746373E-19
 -4.9945580736643838E-19
  6.9613643669200905E-19
  1.2785499987854968E-19
 -9.1396933254027864E-19
  7.8546460356168735E-19
 -2.0422202050245119E-19
 -1.0352284346471773E-18
  5.3742838107297224E-19
 -9.8209524769598436E-19
 -3.4889327671218885E-19
 -1.0967652229102979E-18
  1.6990075825254768E-18
 -1.7517993409741703E-18
  3.4577111331508948E-19
 -1.4313612661350929E-19
 -4.2941998721860467E-20
  1.8547364261191891E-19
 -2.0159537230724188E-19
  3.0429532483399367E-19
  2.4390178739904649E-19
 -7.6260221013184754E-19
  1.0112667520775788E-18
  8.5179773918339891E-20
 -5.3392818592296210E-19
  4.3445118059344644E-19
 -1.1830627182310223E-18
  4.0615451021138381E-19
 -6.3995770537384723E-20
  4.4599846042152964E-19
  3.4634431444551846E-19
  2.2411030193346851E-19
  3.9753702614534534E-19
 -1.0582774104466643E-19
 -3.0662924696499647E-19
  6.6036200366492983E-19
 -2.6596719199331696E-19
 -4.4663162014580987E-19
  2.5487843735994721E-19
 -7.8108254802419197E-20
 -4.8441902528918216E-20
 -1.4130411754838867E-19
  2.2214257922989700E-19
 -2.1378023550289534E-19
 -4.1394935374401203E-19
 -6.1948084978211949E-19
  2.1383152695642055E-19
  4.3176858239633644E-21
 -3.9021143564355258E-20
  1.7482956916554290E-19
 -1.9252556347372476E-19
 -1.3101931932425863E-19
 -1.0545058999433299E-19
 -1.3785302455758172E-19
  1.0861974712048042E-19
  2.7231223461149756E-19
  1.7534861513287923E-19
 -4.6228990417991721E-20
 -2.9815949349505641E-19
  1.7058985428494458E-19
 -2.1121671421466947E-19
  1.9400573897144232E-19
  3.8715043989205374E-19
 -1.5295891300998123E-19
  1.8704689907395767E-19
  1.9012612470725654E-19
 -1.1051912364624604E-19
 -4.6491510330756074E-20
 -4.1606207490165921E-19
  1.7232349441114736E-19
 -6.1561619343583347E-20
 -6.7958095812103148E-20
 -2.2534689319133292E-19
 -1.7429188495096502E-19
  1.7880317316064298E-19
  2.6613950829029468E-20
  2.8770581169571827E-20
  1.4670665725428094E-19
  1.1039315258796817E-19
  9.0139222034730767E-20
 -3.4463291385209760E-19
  4.3639129404691591E-20
  2.2536903389082067E-19
 -3.6162047743107110E-20
 -2.5199610647571752E-19
  2.1105625379078307E-19
  1.2586179722586101E-20
 -8.2053603082845640E-20
  2.7910733265246571E-20
  2.1028571863604897E-19
 -1.4332231458007722E-19
 -5.9767335426243295E-20
 -7.6041910476453793E-20
  2.6804058343079948E-20
  2.3233433585400967E-20
  1.6569645514313922E-19
 -5.2618711000427452E-20
 -5.1597777086648138E-20
 -3.4572881181892714E-19
  2.6661049620438166E-19
  1.8485434206618321E-19
 -5.3965905286957626E-20
  2.3682030897396611E-19
 -1.5155202686333148E-19
  9.8903933902566255E-20
 -3.9941240123743821E-20
  2.1945772054062734E-20
