                     128
                  0.4100
      0.0000000000000000
  1.7677330555789758E-01
  1.2821204593320104E-01
 -2.9119129346409207E-02
  8.1754524467640682E-03
 -2.5264742291397995E-03
  8.2848750491574315E-04
 -2.8276082404921820E-04
  9.9269798148120622E-05
 -3.5583664762055842E-05
  1.2959616075491258E-05
 -4.7794743708786100E-06
  1.7806211381314635E-06
 -6.6895443596612563E-07
  2.5308773347379601E-07
 -9.6325557641703935E-08
  3.6850928995302717E-08
 -1.4161271539566352E-08
  5.4634405630045437E-09
 -2.1151653999647853E-09
  8.2143355511390137E-10
 -3.1989814099846804E-10
  1.2489461493847317E-10
 -4.8872724467661930E-11
  1.9164256671473155E-11
 -7.5290982657618346E-12
  2.9631364598070851E-12
 -1.1680402899092313E-12
  4.6111459133045901E-13
 -1.8228777944448728E-13
  7.2155418853763139E-14
 -2.8598135689940872E-14
  1.1346006151544369E-14
 -4.5060973407819182E-15
  1.7912891328025377E-15
 -7.1247278268054710E-16
  2.8299377735819417E-16
 -1.1360541817269122E-16
  4.4812201255004903E-17
 -1.6699873032532486E-17
  6.1165312073134055E-18
 -2.6952062995283486E-18
  2.6171823807103659E-18
 -9.2116039287459187E-19
  1.5047023977255517E-19
 -1.0533156267718882E-18
  2.1809998117751932E-18
 -1.7181652959643315E-18
 -6.7076510697718427E-19
  1.0643675436465795E-18
 -1.2038822026582815E-18
  1.9972339016762481E-18
 -2.1554131740194666E-18
  1.6579617026947070E-18
 -1.3788412771372109E-18
  1.4546588610950975E-18
 -9.4222822296629006E-19
 -1.9327205886012012E-20
 -2.3362123387373461E-19
  8.8283122011118022E-19
 -5.2653262154924565E-19
  3.3184903186329075E-19
  2.6999758503320590E-20
 -3.6435915814227260E-19
  4.3367794717781953E-19
  1.6867799766281467E-18
 -2.3637431962892860E-18
  9.9221110731604535E-19
 -7.9481761049981719E-19
 -4.4733569278180849E-19
  5.8154238981792652E-19
 -1.3320783496624150E-18
  9.9074845953160723E-19
  7.3190019954272534E-20
 -2.0559724976495903E-19
  4.6665701882320380E-19
 -9.6322640863943490E-19
  1.4531233712321780E-18
 -7.9784995514296176E-19
  4.8943733122339283E-20
 -2.6815845253399299E-20
 -5.5178447201339801E-19
  5.6384297786406374E-19
  1.1717038639245249E-19
 -7.7372458105234239E-19
  4.2135321366420998E-19
  8.6109121301685379E-19
 -8.3820872308730905E-19
 -1.4577436572309072E-19
  8.7445324170705731E-19
 -7.3309395345493054E-19
 -4.3568017724368519E-19
  6.6365085789357870E-19
 -3.8589532206764670E-20
  4.1244076274512207E-19
 -8.0418370145578757E-19
 -2.0242542757931930E-19
  1.2381323336608002E-18
 -1.1615855733087823E-18
  5.1689354736972341E-19
 -1.8009779797156317E-19
  5.3541788971665075E-20
 -2.7135098844683651E-19
  1.4714526404003664E-19
 -4.3796847401063078E-19
  3.4919862830696629E-19
 -4.5202217292842977E-20
  1.2283138150398081E-19
  5.1982946033587374E-19
 -1.0714732964600449E-18
  8.0791338179521179E-19
 -4.7598838633450169E-20
  5.0071174287003257E-19
 -1.2349527833255521E-18
  4.9645727589777166E-19
 -4.6174399770638799E-19
  1.0360357559757400E-19
  7.9994711473045051E-20
 -2.7154380401018158E-19
  6.9240140432202665E-19
 -1.0192573790024967E-18
  8.5479275704264273E-19
  3.3556637286320241E-20
 -2.6594795084336074E-19
  5.4806752105474713E-19
 -8.6948451156041600E-19
  7.8048764801278243E-19
 -6.8687465152467149E-20
 -8.7455456261474969E-20
