                      32
                  0.0260
      0.0000000000000000
  6.7600061751862950E-04
  3.5128312100383528E-05
 -4.5697617440201385E-07
  7.9209266305026623E-09
 -1.5445805501571188E-10
  3.2127329318575707E-12
 -6.9608763384946270E-14
  1.5481838478777693E-15
 -3.3630261356026776E-17
  3.5920126854836489E-18
  2.3705192106497708E-18
  5.6285015081305174E-19
  5.1693805058713926E-19
 -8.0172154495559028E-19
  2.5230688806473782E-18
  6.9763607580585832E-19
 -9.6226732339988271E-19
  2.8374137188561384E-20
  2.6936799366041920E-18
  1.0550909122002657E-18
  1.8544685053289756E-19
 -7.0851527036677502E-20
 -2.1885961043718761E-18
  8.3441826386575874E-19
  2.0931480893160436E-19
 -3.1701924286269750E-18
  2.1459323825581943E-19
 -8.1400285435767419E-19
 -1.7214132523177945E-19
  6.7897644717892537E-20
  6.0864973008716980E-19
 -4.0388124545410750E-19
