                     128
                  0.8500
                  0.0000
  1.8167333258212430E+00
  2.3714324040728196E+00
 -1.1408589210779789E+00
  6.9622444451825927E-01
 -4.6857567558235669E-01
  3.3226962963024831E-01
 -2.4320679326665273E-01
  1.8177870552512426E-01
 -1.3787169813066488E-01
  1.0570566752521457E-01
 -8.1721461876336401E-02
  6.3602372778749611E-02
 -4.9776070120436292E-02
  3.9141174079348348E-02
 -3.0907470830693326E-02
  2.4497521162552743E-02
 -1.9483359865253902E-02
  1.5544265920555649E-02
 -1.2437742824907965E-02
  9.9790958839680224E-03
 -8.0267844433045705E-03
  6.4717569213983382E-03
 -5.2295923071971409E-03
  4.2346536873503126E-03
 -3.4357043067404828E-03
  2.7925985524749632E-03
 -2.2737700730051883E-03
  1.8543154005603770E-03
 -1.5145252197660310E-03
  1.2387539554110231E-03
 -1.0145462854354236E-03
  8.3195962776124908E-04
 -6.8303672539169521E-04
  5.6139364308804081E-04
 -4.6189683812765582E-04
  3.8040922754479259E-04
 -3.1358988792595436E-04
  2.5873558744080380E-04
 -2.1365505421312437E-04
  1.7656894509107215E-04
 -1.4603005359110072E-04
  1.2085950382784354E-04
 -1.0009560721599212E-04
  8.2952777103334482E-05
 -6.8788453287850702E-05
  5.7076421359151509E-05
 -4.7385249605724376E-05
  3.9360830601640977E-05
 -3.2712222124883443E-05
  2.7200145465053645E-05
 -2.2627628203474536E-05
  1.8832380706900248E-05
 -1.5680576674910982E-05
  1.3061772623980830E-05
 -1.0884752681518716E-05
  9.0741262347485435E-06
 -7.5675389718693650E-06
  6.3133843460344608E-06
 -5.2689238088156237E-06
  4.3987413426365522E-06
 -3.6734716971914640E-06
  3.0687529587325420E-06
 -2.5643631744927568E-06
  2.1435081330967215E-06
 -1.7922333975702381E-06
  1.4989385663975451E-06
 -1.2539757132321403E-06
  1.0493171986923219E-06
 -8.7828069638099932E-07
  7.3530144093636613E-07
 -6.1574347870012445E-07
  5.1574315424916760E-07
 -4.3207925740055923E-07
  3.6206523350781063E-07
 -3.0345966356762096E-07
  2.5439188171247280E-07
 -2.1330014171672939E-07
  1.7888019236791303E-07
 -1.5004249098398750E-07
  1.2587658920838183E-07
 -1.0562147682541510E-07
  8.8640877221790942E-08
 -7.4402659958843085E-08
  6.2461678059447105E-08
 -5.2445455261296337E-08
  4.4042245909129985E-08
 -3.6991070885410090E-08
  3.1073399900061459E-08
 -2.6106205981803928E-08
  2.1936164079875824E-08
 -1.8434803907860742E-08
  1.5494458977094244E-08
 -1.3024880134919865E-08
  1.0950403869961641E-08
 -9.2075839141786551E-09
  7.7432098477220142E-09
 -6.5126490252382954E-09
  5.4784587037679484E-09
 -4.6092239776940180E-09
  3.8785844262897969E-09
 -3.2644185066389939E-09
  2.7481597399936901E-09
 -2.3142230564446155E-09
  1.9495231841470752E-09
 -1.6430699517321912E-09
  1.3856279201696009E-09
 -1.1694298668428522E-09
  9.8793546534634317E-10
 -8.3562803571131419E-10
  7.0784356702293250E-10
 -6.0062731980420074E-10
  5.1061427501111821E-10
 -4.3493045501852856E-10
  3.7111279550589747E-10
 -3.1704569191974665E-10
  2.7091263769054344E-10
 -2.3116151505076033E-10
  1.9648203091341908E-10
 -1.6579354591936010E-10
  1.3824115804072643E-10
 -1.1319731129492471E-10
  9.0265536172188822E-11
 -6.9282197209734088E-11
  5.0311442888043067E-11
 -3.3628015292337832E-11
  1.9682396943069111E-11
 -9.0429923240368303E-12
  2.3106792430211309E-12
