                      32
                  0.0290
      0.0000000000000000
  8.4100118889721359E-04
  4.8737138404118289E-05
 -7.0728141797916926E-07
  1.3674124120449220E-08
 -2.9741217413409144E-10
  6.8999626748216185E-12
 -1.6674063091394817E-13
  4.1491792133435856E-15
 -1.0791269769125141E-16
  3.7662759917819382E-18
  1.6857928431573757E-18
 -2.9721586762749522E-18
  2.6181945071036193E-18
 -1.6764787344439968E-18
 -7.1490382288876571E-19
  4.0867070555461250E-19
 -2.1437612395182350E-18
 -7.2373994320752055E-19
  2.7436413119298956E-19
  1.0190390396816718E-18
 -3.8876051147865416E-18
  2.6741264893496591E-18
 -4.3212505824548092E-19
  1.6401116738112122E-18
  2.2150433097154380E-18
 -1.4525261826359002E-18
 -9.8011245270490364E-19
  2.6971076605252804E-18
 -1.6388470395629283E-19
  8.4527678883545118E-19
 -9.7321626381240933E-19
  2.7550132619066371E-19
