                     128
                  0.3820
      0.0000000000000000
  1.5164493209486699E-01
  1.0373713450037250E-01
 -2.1775041735125251E-02
  5.6677657548025321E-03
 -1.6291724377704591E-03
  4.9764703020030942E-04
 -1.5827509310887506E-04
  5.1783570517510806E-05
 -1.7298001981013931E-05
  5.8707459052325075E-06
 -2.0175542044891843E-06
  7.0040844562579465E-07
 -2.4519078161347125E-07
  8.6437251709703832E-08
 -3.0654147797965998E-08
  1.0927239047553114E-08
 -3.9126913265048000E-09
  1.4065281177922905E-09
 -5.0737993197791340E-10
  1.8359732336418550E-10
 -6.6620677462027258E-11
  2.4235003317753431E-11
 -8.8362244404959567E-12
  3.2284358303259186E-12
 -1.1817949641337324E-12
  4.3336210597566567E-13
 -1.5917075829794190E-13
  5.8548305630506996E-14
 -2.1564766306833957E-14
  7.9526917975418147E-15
 -2.9361479364669028E-15
  1.0859656530433571E-15
 -4.0290080075482782E-16
  1.4747517849285483E-16
 -5.2559101135725664E-17
  1.7986989335754303E-17
 -4.8737648250539484E-18
  1.3144740959467062E-18
 -8.7320556233193506E-19
  4.0018096542950774E-20
  9.4141473959795393E-19
  1.0498579570080800E-18
 -2.2161102316756495E-18
  1.9563357830928725E-18
 -1.9162050538367147E-18
  6.3403419868673108E-19
 -9.8848304605197074E-20
  8.5357849121108093E-19
 -1.2626261532189207E-18
  1.8805754366931318E-18
 -1.7199969341386673E-18
  1.2607597880522583E-18
 -3.7424776256230017E-19
  1.0628688936971159E-19
  8.9400913910264560E-20
 -1.5369462280460186E-19
 -6.4171716518708760E-19
  7.1630840239018523E-19
 -5.7025353723868356E-19
  8.1506718808141132E-20
  6.8412359118441111E-19
 -1.1769602522661471E-18
  1.0786338677551423E-18
 -7.4337722452435487E-19
  5.0846521200723550E-19
 -6.4360519771637702E-19
  2.3835730389506351E-19
  6.4058528738775432E-19
 -9.3318977459063172E-19
  7.8900762516199819E-19
 -8.6954519753652425E-19
  6.8561560996554645E-19
 -3.6133972445383737E-19
  7.4772172239965623E-19
 -6.4993954642089483E-19
  3.2008067096973705E-19
 -5.5463108069692680E-19
 -5.8801471408768188E-19
  1.2871000955436904E-18
 -9.2519830756749548E-19
  2.4548246663035078E-19
 -9.7693042896927728E-19
  1.1462643785177693E-18
 -5.2293680430788727E-19
  3.8340459269506267E-19
 -2.3504287131997314E-19
  5.0475712976343916E-19
 -1.8014019069902119E-19
  2.2179089296714174E-19
 -6.0355283968573023E-19
  7.9583148562536817E-19
 -9.2682346630648428E-19
  6.8764992631517695E-19
 -2.3465113501019925E-19
  1.0888261112312857E-19
 -3.2511027752994512E-19
  4.9386649443809546E-19
 -5.3763933871052739E-19
  7.8323808412824432E-20
  1.7198140688097036E-19
  2.1006844659923041E-19
 -8.0466310521600197E-19
 -1.4598997832392002E-19
  4.9414668594822091E-19
  2.1843869912198363E-20
 -5.0082889744790337E-19
  1.0573007177605045E-18
 -1.0484149503588403E-18
  7.3587096992487258E-20
  2.1793232250367498E-19
  4.4581083537193927E-20
 -1.1385513041847626E-19
 -4.9925829598237734E-19
  2.2656980117254560E-19
 -1.0661738033576820E-19
 -1.4264742746602449E-19
  4.7545083149059690E-19
 -2.8561740004923519E-19
  1.1015678888503751E-19
 -1.0626888645783106E-19
 -2.9342773460789113E-19
  6.0607895139316623E-19
 -6.4385987773707968E-19
  2.4567486330246606E-19
 -1.5246687350162631E-20
  6.7290606970456344E-20
 -4.7096331761200559E-20
 -2.2493587448109685E-19
