                     128
                  0.2800
      0.0000000000000000
  7.9314877008023810E-02
  4.1540750832985342E-02
 -6.1836417635701326E-03
  1.1635355075486774E-03
 -2.4442545336932032E-04
  5.4731030261670823E-05
 -1.2766453651554381E-05
  3.0632034286637743E-06
 -7.5034420133660790E-07
  1.8672450696545054E-07
 -4.7048851852017017E-08
  1.1974856955143063E-08
 -3.0732823797846425E-09
  7.9426658027638043E-10
 -2.0649602931342244E-10
  5.3961247945552546E-11
 -1.4164120768092369E-11
  3.7324946905312719E-12
 -9.8699737438387488E-13
  2.6180564372501543E-13
 -6.9640391423281487E-14
  1.8572289825987632E-14
 -4.9631638031562199E-15
  1.3290734164260989E-15
 -3.5637535979655591E-16
  9.4144430943038164E-17
 -2.4547827219124860E-17
  5.9051761925277371E-18
 -3.1287297182399628E-19
 -1.3705578081168867E-18
 -5.1220213734356252E-19
  1.0284929246034106E-18
  3.4898296931582851E-19
  1.6274038234605241E-19
 -6.6432160050913165E-19
  1.3118578241729745E-19
 -3.0752249818298736E-19
 -7.3450484810642543E-19
  9.0600290788254053E-19
 -7.3820484368100957E-19
 -4.5227243796613347E-19
  4.6479065883286225E-19
 -2.5708174114039457E-19
  6.4121588949807500E-19
 -6.6434079670991790E-20
 -2.3842335736163221E-19
  1.7617311874065892E-19
  2.3021909107498847E-19
 -2.8834846050443112E-19
  3.9779157820372191E-19
  3.8536758799162370E-19
 -6.9733538127080051E-20
  6.5264283495696031E-19
 -1.1625120168210734E-18
 -2.0072144684205063E-19
  1.2108835779772644E-18
 -7.4571997200520490E-19
 -5.9528640489975744E-19
 -1.4197823927802733E-19
  1.9920949469581774E-19
  4.9042282216759713E-19
  2.7312547106926276E-19
 -7.9176393164781330E-20
 -8.7031422895026780E-20
 -5.5679344745601417E-19
  1.9596167914460387E-19
  9.0764901509226444E-20
  5.6998953321611852E-19
 -4.8085516884290447E-19
  2.2681594159652256E-19
 -6.6053626105392595E-19
  1.3747856034744201E-19
  9.4859061212663190E-19
 -5.8329070717129614E-19
  3.4274408772432576E-19
 -2.8436639816558385E-20
  1.3077359488126722E-20
 -1.4586500235900437E-19
 -3.3298262084852761E-19
  6.7142001914146528E-19
 -1.0206303120633812E-19
 -6.0630999246048995E-19
  6.4486050186610744E-19
 -4.0756105698564786E-19
  6.3205863381365975E-19
 -9.7350281552388309E-19
  4.6834998307079489E-19
 -3.5853028336862671E-19
  1.0658973162750948E-19
  1.9033593073420689E-21
 -9.8638953497189237E-20
  3.3040789537219050E-19
 -3.3626375918965809E-19
  1.5790020785896471E-19
 -2.6168511818855515E-19
  4.8563951224498932E-19
 -5.3832480400110152E-20
  3.0344591337166387E-19
  1.3344448063889781E-19
  1.6276646845475924E-19
 -1.6315868636909237E-19
 -3.2364687008552771E-19
  1.3730147143418620E-19
  7.4559250062253861E-20
 -3.9072427912475189E-20
  7.8068630817255940E-20
 -5.3857724309028673E-19
  2.3902885877626842E-19
  3.2078899285825318E-19
 -1.0200209800552417E-19
  2.8446604264352920E-19
 -5.1376605068395941E-19
  1.3172113954659618E-19
  1.0311477421668552E-19
 -4.3078141744126766E-19
  2.2262816587621348E-19
  1.3041764306534911E-19
 -2.5541380473479549E-19
 -3.9254828549749169E-20
  3.1397274853586519E-19
  3.3736871676276100E-20
 -1.4024660571073756E-19
 -1.9602420818938858E-19
 -1.1858616834816465E-20
 -1.2940237879457578E-19
  2.8411236567096817E-19
  4.3923066827720125E-20
  1.3522397596756401E-19
