                     128
                  0.3600
      0.0000000000000000
  1.3362977874420534E-01
  8.6978548509452663E-02
 -1.7090067596853817E-02
  4.1770074660084158E-03
 -1.1303463509030026E-03
  3.2536331134924983E-04
 -9.7533540239089645E-05
  3.0076840140675444E-05
 -9.4694383651774319E-06
  3.0289997530791569E-06
 -9.8107191127600768E-07
  3.2098938193804054E-07
 -1.0590159284855141E-07
  3.5184773914563891E-08
 -1.1759683740862763E-08
  3.9506365200014655E-09
 -1.3331545965298203E-09
  4.5164791992594973E-10
 -1.5354305374196815E-10
  5.2360929591894574E-11
 -1.7905772348784158E-11
  6.1385970877194986E-12
 -2.1092780780360535E-12
  7.2626981620181640E-13
 -2.5054439006084694E-13
  8.6583822974036854E-14
 -2.9971304417651112E-14
  1.0388475614115467E-14
 -3.6062898581203737E-15
  1.2540035423346305E-15
 -4.3595892520507429E-16
  1.5321189901914552E-16
 -5.5574132551263563E-17
  2.0043397802149393E-17
 -7.4658108187259624E-18
  3.1437955856618118E-18
 -2.5621951917184723E-18
  3.5722793568656930E-18
 -1.5366967753858869E-18
  4.3990488883078326E-19
 -6.7797592247887182E-19
  7.4122830805173035E-19
 -2.1753316218131846E-19
 -8.5263940429349174E-19
  7.2717418677373861E-19
  6.2573150043625414E-19
 -2.0408859385773808E-19
 -2.5058827293051269E-19
  1.1812122530975785E-19
  4.1284470923388607E-19
 -1.2687079074294517E-18
  1.1949226511431869E-18
 -5.2152186476090235E-19
 -1.7240539843096666E-19
  5.4400379275589365E-19
 -3.4639952940173870E-19
 -7.2565233687493491E-19
  5.6517635572259562E-19
  6.5202381163634166E-19
 -9.4694898175461206E-19
  1.5536046481133780E-18
 -1.2588045929424399E-18
  6.8027712946987208E-19
 -9.2383974870281270E-19
  9.7284933467491494E-19
 -4.9567819002327806E-19
  1.4782394784915366E-19
 -2.3525294770634929E-19
 -1.5959260573071152E-19
  1.5627130878210523E-18
 -2.2136545268324619E-18
  1.3485059739924120E-18
 -1.3235695873953277E-18
  1.5167665138725909E-18
 -8.3679932047954366E-19
  8.4016823426617527E-19
 -5.8568355971891847E-19
 -1.8808998430256624E-19
  4.7940211789687290E-20
  3.8520755008234115E-19
  3.1127131698526452E-19
 -5.3919115920249136E-19
  4.3419254140393909E-19
 -1.2041421839728403E-18
  4.9303353665862194E-19
  6.5163856026413996E-20
  5.2376962907091030E-19
 -8.6397571144221468E-19
  7.2254945200618248E-19
  3.6069661041698937E-19
 -1.0198663577125531E-18
  4.0081418823595843E-19
  7.1469063528997887E-20
  6.0618150155358144E-20
 -1.1272885532403957E-19
 -5.3537069998867637E-19
  8.3887802508404651E-19
 -1.0111112032536930E-18
  1.0313041793317523E-18
 -7.0506527912143956E-19
  2.3367629032736286E-19
 -4.6578195865322748E-19
 -3.8001610178238629E-20
 -1.8035118980978455E-19
  5.7081046292314828E-19
 -5.2039192106549314E-19
  7.0651830517008558E-19
 -5.9649930933559879E-19
  9.7735336567314242E-19
 -8.0327869714091150E-19
  8.6089497633364159E-19
 -8.2427836351500083E-19
  4.3166900993365015E-19
 -8.2066396358461661E-20
 -2.7844181759713436E-19
  1.6431162050051889E-19
 -2.7875029927249089E-19
  4.7040982354121890E-19
  3.1715120362620690E-19
 -5.4036807412924352E-19
  9.2218026530375589E-20
 -2.3934322029306329E-19
  3.0407607304235699E-19
 -2.8126202453610903E-19
 -2.7260162482419122E-19
  5.9814260109494992E-19
 -4.7428310298365857E-19
  2.1770829509223268E-19
