                     128
                  0.3247
      0.0000000000000000
  1.0762985784864317E-01
  6.4159019376731088E-02
 -1.1242262223977615E-02
  2.4657918338949051E-03
 -6.0117375462341355E-04
  1.5608496864850797E-04
 -4.2211889605191283E-05
  1.1743420841216873E-05
 -3.3354250586481648E-06
  9.6244684098111293E-07
 -2.8120208790210147E-07
  8.2992879074098672E-08
 -2.4698991567401923E-08
  7.4020742643563742E-09
 -2.2315805160042111E-09
  6.7623745936542290E-10
 -2.0583792627366248E-10
  6.2900709064670738E-11
 -1.9288326378433271E-11
  5.9330628152735311E-12
 -1.8300819236979395E-12
  5.6591250229982372E-13
 -1.7539576604702440E-13
  5.4474947221305668E-14
 -1.6952120885051515E-14
  5.2853522792220390E-15
 -1.6514524616136440E-15
  5.1631182200253807E-16
 -1.6172739013459870E-16
  5.1184854498911247E-17
 -1.7313734850694781E-17
  5.7286051424892486E-18
  6.3246149546460795E-19
 -1.7636581957395339E-18
 -1.6771705480376673E-19
  1.0682587257942184E-18
 -9.6998903486612842E-19
  2.1390492558923636E-18
 -2.0171700768566160E-18
  1.6704271479477076E-18
 -1.5175342034643116E-18
  1.9312246370029184E-18
 -2.2434192448327151E-18
  4.8623308657358601E-19
 -5.6612138014030334E-19
  2.1423886754850297E-19
  3.1134133078752689E-19
 -3.3808805153814179E-19
  1.1294622917673996E-18
 -8.2259385715027218E-19
 -6.0199126973619060E-19
  2.1527318733823519E-18
 -1.6247857311088007E-18
 -6.7306068904707500E-19
  1.4194379405983288E-18
  6.7216709954937229E-20
 -3.6542132237210268E-19
  7.4343356202740492E-19
 -4.0906211652448894E-19
 -2.0230469033177193E-19
  8.9540098415815670E-20
 -1.1896756130002540E-18
  1.1082764731689744E-18
 -3.1271498567209081E-19
  4.6656363508435632E-19
 -6.6364863528033818E-19
  6.8642214540741114E-19
 -1.2317971802890612E-18
 -8.2879007096317588E-20
  1.6912542495201969E-18
 -1.9361579203186204E-18
  1.2500022885288667E-18
 -8.2790591844197259E-19
  3.6387600735617398E-19
  7.8729256649811608E-20
  1.2110239835833137E-19
  1.7867071968610430E-19
 -2.8445219325754007E-19
  2.7342627555441945E-19
 -5.0385819357776572E-19
  3.3697872676137197E-19
 -3.4374646255413906E-19
  7.3324010559779765E-19
 -7.8902808501429600E-19
  6.0618742491221930E-19
 -6.8662934735448636E-19
  6.0578983449191771E-19
 -2.0158320612628130E-19
  7.6223415145060782E-19
 -1.3505298094507220E-18
  1.2945732725408564E-18
 -1.0887032700252980E-19
 -2.7046248558280572E-19
  5.6219169937469479E-19
 -3.6835345415005558E-19
  3.9636199634706453E-19
 -1.1129227872755466E-18
  5.6184500020954017E-19
 -2.4888809839634149E-19
  4.2960321911471661E-19
 -5.3793970650560057E-19
  1.1151251073919160E-19
  1.9654269622193227E-19
  5.1325005621136631E-19
 -3.2838319034328740E-19
 -6.7135702069569184E-19
  1.1767269776309163E-18
 -7.1476586832698992E-19
  1.9822756139763700E-19
 -3.7669884096411549E-20
 -1.1782048407741474E-19
 -7.9498168421171059E-20
  2.1212622153071817E-19
  7.6990460890306329E-20
  3.5032302653585106E-20
 -4.7266208746026155E-20
  1.5535037612532367E-19
 -3.9052525964919648E-19
 -9.5654536831239029E-20
  7.5254354520844469E-20
  2.1196550916130371E-20
  2.6481601407004368E-19
 -2.3796412039560705E-19
 -1.3820195308301083E-19
  2.8948355968923227E-19
 -4.8309985306363888E-19
  5.7469519352017914E-19
 -3.9446204838338787E-19
