                      32
                  0.0080
      0.0000000000000000
  6.4000000524288197E-05
  1.0239344835480539E-06
 -4.0960000480112195E-09
  2.1845341564729145E-11
 -1.3107834230757085E-13
  8.4590924905260932E-16
 -1.0802387485286178E-17
 -4.8533546645859815E-18
  5.1895168768218420E-18
 -4.9914700713033669E-18
 -3.0603721159810868E-18
  6.3539558401509251E-19
 -2.4959215553564831E-18
  4.1374985695365578E-18
 -1.0873532808389068E-18
  2.1316821931024202E-18
 -4.7429428699528861E-19
 -2.2073406447511791E-18
  3.0884698218423961E-18
 -1.5372824450362443E-18
  8.9434899438159155E-19
 -1.3464566825182224E-18
  1.0919090099398296E-18
  3.1298862721338608E-18
  1.2299193975204638E-18
 -8.3679219083381642E-19
  8.9295194418923064E-19
 -6.6293945909778194E-19
  4.7785142515637823E-19
  3.0543563627979942E-19
  4.1599229214707668E-19
  4.2621557768908133E-20
