                     128
                  0.2000
      0.1010205144336440
  4.0124416833751508E-02
  1.5639124933758596E-02
 -5.5513362801727844E-05
  4.9966203942837026E-05
 -4.8837177770399890E-07
  2.9208208239569916E-07
 -4.2805073471026085E-09
  2.0616008864009860E-09
 -3.7506596791192098E-11
  1.6031132966184782E-11
 -3.2891981087053969E-13
  1.3235092109952480E-13
 -2.8864709793104862E-15
  1.1399761118596650E-15
 -2.7532119879571620E-17
  1.2583163452738269E-17
 -7.4891688344628379E-19
  1.4498394350249652E-18
 -8.9285324110474413E-19
  1.0805952701997519E-18
  4.0472459158323250E-19
 -1.9391327875824018E-18
  4.6029445878569580E-19
  1.6477060616288046E-19
 -7.0019259933599903E-19
  3.1896962450987957E-19
  6.0927851464112513E-19
 -2.3719293752608497E-18
  1.1792965345797709E-18
  2.9632564046455862E-19
 -6.6453609146689687E-19
 -4.6301663044413415E-19
  7.0238298592412398E-19
  2.8288869346416100E-19
  3.5378286664652151E-19
 -1.1809145778452395E-18
 -1.3077242117675147E-20
  2.1864950257002288E-19
  1.3737908385917130E-18
  3.7425738659711010E-19
 -7.6651927496170931E-19
 -5.6108185096874153E-19
  3.0988870310376203E-19
  8.8310266358267399E-20
  1.3100274554673149E-18
 -9.9914278749128067E-20
  7.0021763171604672E-20
 -1.2075274188673027E-18
  1.3362222715090651E-19
  3.7173392876175820E-19
  1.0664322838501310E-18
  4.8805938004303005E-19
  3.7195325120045026E-19
  1.0867187873075362E-19
  8.3107303935120174E-19
 -2.1588663231576957E-19
  3.7706494478979624E-19
  1.6015356279914513E-19
 -1.6655043856087075E-19
 -6.4505575727020871E-19
 -3.6483087936197857E-21
 -3.6964266315799531E-19
  3.8584648498461558E-19
  2.6834398624769033E-19
 -1.0612160123619226E-19
  1.0111358441294619E-18
 -4.7083228615983543E-19
 -7.3023997701601126E-20
 -9.9133824383277657E-20
 -1.7382277640483254E-19
 -2.8333920527715369E-19
  8.2029783608835623E-19
 -7.5656811514801808E-19
  6.9982032622845430E-19
 -2.9058399784292633E-19
  1.8802270309933106E-19
  2.9654483530987913E-19
 -4.1153468083645385E-19
 -1.2118793689580522E-19
  2.2011486127091127E-19
 -2.1908551480411976E-19
 -1.5790205587780332E-19
  8.5820950971957245E-20
 -3.8503776226057704E-19
  5.9641581151355259E-19
  1.9868861610322649E-19
 -4.3539041992219307E-19
  2.9188219210683068E-19
 -1.4208349616895842E-19
  5.6974435634878428E-20
 -1.1097600488480747E-19
  1.2231940179518913E-19
 -5.5764585998718249E-19
  3.4987432862640142E-19
  4.8511015853116476E-19
 -3.6832171109245968E-19
 -8.7244210491550950E-20
 -4.1342399321047052E-20
 -2.7181955659344639E-19
  1.3326970393219290E-19
  9.3846328853014685E-20
  7.5237429812589479E-20
 -5.8664217556684517E-19
  5.9912185245614882E-19
 -5.4301260606768313E-19
  4.9287581453885719E-19
 -2.1636002515798682E-19
 -4.1269487997972161E-20
 -1.8769400816984787E-19
  7.6049856347567700E-20
  2.5902665792092070E-19
 -2.3913178780295177E-19
 -1.0400403705315127E-19
 -1.2959708258194382E-19
  2.8189798942216651E-19
  4.5019528581426227E-20
  1.4942992339242218E-19
  6.5614510596662263E-20
 -1.6140147863657871E-19
  4.7984653028966219E-20
  1.3689732485580744E-19
 -3.6331254386543579E-19
  3.0888913961275383E-19
 -2.5587022413277127E-19
  1.6842661400494167E-19
  4.9106973568522040E-19
 -3.1213864027817242E-19
 -1.7272947084389421E-20
