                     128
                  0.5500
                  0.0000
  3.5249432766425626E-01
  3.2347784966986770E-01
 -1.0152983859703481E-01
  3.9330270874395910E-02
 -1.6569305392446144E-02
  7.3353882663448836E-03
 -3.3629572161637763E-03
  1.5827815620970810E-03
 -7.6016249670432599E-04
  3.7092211732592880E-04
 -1.8329845872945859E-04
  9.1517222019572904E-05
 -4.6082760003124572E-05
  2.3370702700062457E-05
 -1.1924495395611846E-05
  6.1161276489814098E-06
 -3.1512738625476386E-06
  1.6301505542664610E-06
 -8.4625607588388710E-07
  4.4069847051622548E-07
 -2.3014733244138886E-07
  1.2049659596511697E-07
 -6.3233132083786286E-08
  3.3252645725880233E-08
 -1.7520290871280143E-08
  9.2474419573586842E-09
 -4.8888509712734835E-09
  2.5884716543111644E-09
 -1.3724099675853437E-09
  7.2859399240737667E-10
 -3.8726688547512735E-10
  2.0607426083123470E-10
 -1.0977276244004240E-10
  5.8532168997841041E-11
 -3.1239071347930015E-11
  1.6687129742838120E-11
 -8.9212096423706566E-12
  4.7731447983501490E-12
 -2.5556771296670570E-12
  1.3693382422050155E-12
 -7.3418125777313175E-13
  3.9388545516266988E-13
 -2.1144595376074892E-13
  1.1357600082491064E-13
 -6.1040489517211419E-14
  3.2822013002168607E-14
 -1.7657842140904865E-14
  9.5025224674987911E-15
 -5.1146574490977347E-15
  2.7545941806550335E-15
 -1.4843126787965386E-15
  8.0015795068089242E-16
 -4.3230102289428235E-16
  2.3269614911239350E-16
 -1.2398662846135926E-16
  6.6461529008410182E-17
 -3.6532467367439282E-17
  2.0642759091546401E-17
 -1.1776330051255538E-17
  6.9607332467173909E-18
 -4.8507366202666142E-18
  3.2387862264150968E-18
 -1.7973773946874909E-18
  7.6183827600424533E-19
  1.8288325219573896E-19
 -6.1005030482466874E-19
  1.4658396462177299E-18
 -1.1628574850753910E-18
 -9.6163909162874964E-19
  2.0969872419954016E-18
 -1.2866831727699272E-18
 -8.7694388781345140E-19
  2.2524113023699155E-18
 -1.8315211238500828E-18
  1.7223435238817732E-18
 -1.3525375599012470E-18
  1.0157395995747182E-18
 -6.8344926055218402E-19
  5.0562283155114586E-19
 -6.5621160227287488E-19
  4.5488455795238647E-19
  1.8646757495335006E-19
 -7.4540737788817227E-19
  1.6933093475107057E-18
 -2.5487492528528265E-18
  2.3161681994583102E-18
 -1.8806843033889373E-18
  1.9432573985910264E-18
 -1.9850610521715572E-18
  1.6389115019951667E-18
 -5.2031736400920750E-19
 -9.2470810873423342E-19
  1.1558974569720112E-18
 -1.2699810907165091E-18
  1.2549769502649565E-18
 -1.2556959648261461E-18
  9.4100495600773190E-19
 -7.0160792231730709E-19
  9.0055481654724477E-19
 -7.1032129172465365E-19
  1.1013373782065076E-18
 -1.1577604871820416E-18
  8.6098848749711559E-19
 -6.5257406377759755E-19
  7.4178001329956500E-19
 -8.1727903871141810E-19
  5.8013509502418972E-19
 -7.2049243864615083E-19
  9.3473025149114547E-19
 -7.3807117967914290E-19
  1.9354177692176484E-19
 -4.1084679977991279E-19
  1.1222604594203015E-18
 -1.5416396756790691E-18
  1.0715902838528099E-18
 -1.3576415205018823E-19
 -2.5480246883250750E-19
  3.3246573378721149E-19
 -2.5329924023734932E-20
 -7.9837617258006170E-20
  2.6791434705466146E-19
 -1.6129329181623140E-19
  4.1074810754344115E-20
 -1.9026448718496486E-19
  4.3512081140906127E-19
 -3.6650509823170774E-19
  3.3894863571030060E-19
 -1.7461859033251381E-19
