                     256
                  0.8100
      0.5105803994372470
  1.3590511034499340E+00
  2.3155137722857266E+00
 -1.7738359077748081E-01
  2.1334291454446860E-01
 -2.5392252272471664E-02
  3.1953100369456561E-02
 -4.2692939645413023E-03
  5.7852153630848944E-03
 -8.2496554583947647E-04
  1.1502627826301235E-03
 -1.7099202644690881E-04
  2.4175558937155042E-04
 -3.7017169465486120E-05
  5.2713164124601755E-05
 -8.2594130300460965E-06
  1.1799038402347889E-05
 -1.8843488200795724E-06
  2.6935011906668928E-06
 -4.3729825649631091E-07
  6.2435498010103797E-07
 -1.0285473386873368E-07
  1.4650442050152385E-07
 -2.4454107136237659E-08
  3.4721019854726296E-08
 -5.8653176464081711E-09
  8.2968785840895192E-09
 -1.4170044518963653E-09
  1.9963830081957980E-09
 -3.4440025455264958E-10
  4.8320178136603906E-10
 -8.4130150448847039E-11
  1.1754625602151764E-10
 -2.0639809688059356E-11
  2.8720668739845966E-11
 -5.0823364725133997E-12
  7.0444920571269687E-12
 -1.2554931549300873E-12
  1.7337220996226312E-12
 -3.1102373587263363E-13
  4.2797678555386800E-13
 -7.7242134336336819E-14
  1.0593737887276213E-13
 -1.9232965388741147E-14
  2.6292654382854846E-14
 -4.7996116891644160E-15
  6.5442968765483336E-15
 -1.2001867764597763E-15
  1.6292539584244772E-15
 -2.9162038777175018E-16
  4.0214206817966790E-16
 -6.6147100332737196E-17
  9.0327039557803227E-17
 -8.1216728257725084E-18
  2.3718878137113466E-17
 -9.4740696403139387E-18
  1.1602349501244057E-17
  1.5730895375323450E-20
 -9.2410373972431339E-18
  2.0032991480636489E-17
 -1.8630352070449064E-17
  2.1406407340749184E-17
 -2.0553890737205309E-17
  2.1074886139525609E-17
 -2.1465588053873848E-17
  2.2487734952569995E-17
 -1.8710752644106232E-17
  1.1991578116694217E-17
 -7.3228730328553363E-18
 -3.4127929756071786E-19
  1.0044985987825449E-18
  1.8611434699993706E-19
 -6.3802385839214188E-18
  5.9222283589555481E-18
 -2.9839805011847323E-18
 -3.3452751154096495E-18
  6.8382122112626202E-18
 -3.9887233953312083E-18
  1.7428522448579011E-18
 -2.8731560598679777E-18
  2.4250683153956473E-18
 -8.7376917665161203E-19
 -2.4697343543501664E-19
  2.9279872834308742E-18
 -3.9459105524485761E-18
  6.9834541506221730E-18
 -5.1710642796476888E-18
  4.4595757119198595E-18
 -1.2408480039750674E-18
  1.8003709088469987E-18
 -4.7947201650436642E-18
  6.0155009067653689E-18
 -3.0339357838566247E-18
 -1.2234129704842502E-18
  7.4256581749893532E-18
 -1.0019014650321079E-17
  8.5436919392964672E-18
 -7.1800335346065161E-18
  7.7246343540640164E-18
 -8.4656473924665950E-18
  4.1685072053705276E-18
  7.4230473660143160E-19
 -5.6181184041417031E-18
  7.6788338650345595E-18
 -6.8260905504373429E-18
  7.4041484694246395E-18
 -6.4994021814745670E-18
  8.5103903751524078E-18
 -9.0535921380673233E-18
  7.2833659410263262E-18
 -3.8195072054091138E-18
  2.2391814887726359E-18
 -2.0137179984313035E-18
  2.5637118951471199E-18
  1.0114930425327052E-20
 -1.6693178128067952E-18
  2.0250997264964111E-18
 -1.9807678488091827E-18
  4.7300731191072354E-18
 -5.6085862438897097E-18
  5.7034432284374140E-18
 -2.4023740452609025E-18
 -2.1035979680933038E-18
  3.5141040023463081E-18
 -1.4649944141005215E-18
 -2.9243028509719091E-18
  8.6862333456865802E-18
 -1.0617183323432865E-17
  9.2190179301495813E-18
 -9.7065329500402163E-18
  7.1560099421224102E-18
 -4.3697592612274342E-18
 -9.0216422472545341E-19
  2.8742626792279292E-18
 -2.7185894318455625E-18
  1.3654795025251258E-18
 -2.1248435824554602E-19
 -1.5193262320654366E-18
  2.9337292696001397E-18
 -6.1963402849442500E-18
  8.6178785855060062E-18
 -8.7669733463187710E-18
  6.3411611406146570E-18
 -4.3293297838037909E-18
  1.7489754362997027E-18
 -2.5533046579369696E-18
  2.1521236637966235E-18
 -8.5060002873925185E-19
 -5.5922392446167021E-19
  4.9830377853261725E-19
 -2.4734210432838403E-19
  1.2453464592962713E-19
 -1.4104416711240977E-18
  2.0208680186748032E-18
 -2.1744833869219375E-18
  2.2522138927402093E-18
 -2.6354650108018031E-18
  4.5889750864579109E-19
 -4.2022838312502803E-19
  9.7210608885672091E-19
  2.3652010884575670E-19
 -1.5851759862526115E-18
  4.5775341656645026E-18
 -4.2784606751223971E-18
  7.2713062282778934E-18
 -6.4434784735541501E-18
  6.7484603160510190E-18
 -7.6080961877993972E-18
  6.3775725138073748E-18
 -6.1716259099916409E-18
  4.7680709614623332E-18
 -3.3865511070346770E-18
  1.2999461370853659E-18
  1.4042041089513859E-18
 -2.5051873085837957E-18
  2.8120781683610496E-18
 -2.2040030267149876E-18
  1.1170196434209669E-18
  2.8962904871786250E-19
 -2.2614734934563808E-18
  2.2841445950366150E-18
 -2.7177354635573134E-18
  3.1660693451591386E-18
 -2.7132255273879389E-18
  3.4082987653554857E-19
  1.8355821772971354E-19
 -1.0985546394434050E-18
 -1.4754004901984010E-19
  1.3567713983590865E-18
 -9.8703761268498855E-19
  5.4975098974529934E-20
  7.0335290218758866E-19
 -6.2246369351763655E-19
  1.6652823519142890E-18
 -1.9423332567882421E-18
  4.0075131924509235E-18
 -4.1526771284251070E-18
  3.6965189768198372E-18
 -4.5827927379664693E-18
  5.2331376979164833E-18
 -6.4498120844567740E-18
  5.1676498895152281E-18
 -2.6997312617868166E-18
  4.1490475207214539E-19
  1.4986670048276803E-18
 -2.5679136593893262E-18
  3.2732471355485898E-18
 -3.8060281070855913E-18
  4.2049715680668975E-18
 -3.3413478987310550E-18
  4.0155656268581646E-18
 -4.1780115873813993E-18
  2.0714506483840171E-18
 -1.3477027841218533E-19
 -1.0316684581524848E-18
  2.3859189047631118E-18
 -3.4787962186112733E-18
  5.3298159869585791E-18
 -4.5217255574552152E-18
  3.8410726971405386E-18
 -2.0323350649720904E-18
  1.0541756920031056E-18
  4.0985748583212688E-19
  1.0866074816656587E-19
 -7.8634061365182124E-21
  1.8084942684894707E-19
 -4.8830468651018184E-19
 -3.2315297213196927E-19
  5.9994942622693424E-19
 -6.9370441063893543E-19
  5.4906287769153963E-19
 -2.1181278621856590E-20
 -5.0918288900934984E-19
  1.2937903987371490E-18
 -2.0927976095974746E-18
  1.6538351740254833E-18
 -7.7136209262940706E-19
  1.0935081087736561E-19
 -4.2002824097166678E-20
 -1.0052218518350203E-18
  1.6573405420028963E-18
 -1.9845757864649629E-18
  2.2303825182062026E-18
 -3.2584353001675169E-18
  3.8390598704944541E-18
 -3.6350623646404372E-18
  3.4595160380242033E-18
 -3.1736419283948022E-18
  2.9238136200715402E-18
 -2.7361863984527931E-18
  2.2740206198587305E-18
 -1.8824972919680157E-18
  2.6106467651384627E-19
 -4.3797154101949080E-19
  1.3027395118534975E-19
  1.4406950292812258E-20
  4.7487557671789881E-19
