                     128
                  0.2941
      0.0000000000000000
  8.7719045460369710E-02
  4.7976935781779854E-02
 -7.5370938198539702E-03
  1.4918061649681824E-03
 -3.2922947030890819E-04
  7.7428996425152937E-05
 -1.8969334674864947E-05
  4.7805197642417478E-06
 -1.2299351152777687E-06
  3.2147625564106541E-07
 -8.5079522260649367E-08
  2.2744513427631005E-08
 -6.1311298402218703E-09
  1.6643213663025355E-09
 -4.5448165855570105E-10
  1.2474441503283147E-10
 -3.4392501522089765E-11
  9.5193896028582173E-12
 -2.6440049111869037E-12
  7.3664918402006725E-13
 -2.0581027579869227E-13
  5.7645496169114148E-14
 -1.6182865898824296E-14
  4.5530233524608849E-15
 -1.2824311040885892E-15
  3.6305006165085478E-16
 -1.0516252894838536E-16
  2.9393641482643061E-17
 -8.0371224856759646E-18
  2.1037702065738040E-18
 -2.3275977632058087E-18
  2.2929959600580365E-18
 -1.2430346472429371E-20
 -9.2536985253017628E-19
  1.0756123817861293E-18
 -7.6302387574822494E-19
  1.0021456091366644E-18
 -1.7313645561844210E-18
  1.8219021455415033E-18
 -2.3279034891471690E-18
  2.0857211282100883E-18
 -1.2794338236902470E-18
  1.4430544170077938E-19
 -3.8199568040478131E-19
  5.1001441021597685E-19
 -5.4794190922834482E-19
  2.2858827303575584E-19
  6.1810906615574968E-20
  2.1978335947646125E-19
  1.2466969191349502E-19
 -6.3135086343475512E-19
 -4.6543661992244129E-19
  1.3617603752336868E-18
 -1.0142106356063331E-18
 -3.1397143066875495E-19
  2.6779407601300824E-19
 -8.7629216291775160E-19
  9.0620026527917119E-19
 -5.7091804188662315E-19
  3.3904324999546627E-19
 -1.6242932295793289E-19
  6.4622656361199055E-19
 -2.1882186317734638E-19
  3.4640712305842181E-19
 -4.9543621993795997E-19
 -8.3302903017580184E-20
  1.7923384100193098E-19
 -4.8689897561634042E-21
  5.4422204446805226E-19
 -4.8470689018387031E-19
 -9.0425997204340734E-21
 -5.9893055186716298E-19
  1.2919122572164100E-18
 -8.7404777586750494E-19
  6.2107866762739637E-19
 -6.6224505119049436E-19
  3.9941983489548986E-19
  8.1950974422060742E-20
  3.7636153327514984E-19
 -1.3878926484306804E-19
 -7.2257344061304184E-19
  4.8516593578070587E-19
 -8.5983099327063372E-19
  3.6934374754462156E-19
  2.9365737587582852E-19
  2.9037301054348778E-19
  1.3629407868523783E-19
  2.6911243785778816E-19
 -7.8055092606135431E-19
  9.9653035400837285E-19
 -3.4184170410773577E-19
  1.9609265223452758E-19
 -6.6010769893611477E-19
  5.5964033697991741E-19
 -1.6850866742750163E-19
 -1.6968297666413907E-19
  3.2441576639012114E-19
  4.1547362689673438E-19
 -2.5335863054288711E-19
 -1.4347566342681362E-19
  4.0049974193514379E-19
 -3.5316076612104819E-19
  5.2588585005814670E-20
 -1.3225310059499949E-19
 -4.1815642290183693E-20
  1.4996263870266840E-19
 -4.0185373069732780E-19
  2.5817331178107725E-20
  1.1111438388166037E-19
  3.7408676703161423E-19
 -8.2219289396560337E-19
  3.8585683006312894E-19
  2.9324503016648426E-19
 -1.5643667639304288E-19
  3.7583472808027995E-19
 -2.9911221257730446E-19
  1.3597401520821286E-19
 -3.0953648249557231E-19
  1.7267775913177486E-19
 -2.0572403948799408E-19
  1.5648341369469126E-20
  4.3667838881368728E-19
  1.5725129436669456E-19
 -2.7205746151819430E-19
 -1.1335199719197490E-19
  3.1282223118254384E-19
  1.3153006009932607E-20
  9.5390681357935116E-20
