                     256
                  0.8600
      0.5694255431547409
  1.9713406941756533E+00
  3.7793401617710840E+00
 -3.1145077048674197E-01
  4.3804503695947217E-01
 -5.9877829208464829E-02
  8.2517671311304441E-02
 -1.2412148661181984E-02
  1.8413697924878628E-02
 -2.9170448659822340E-03
  4.5260908613863971E-03
 -7.4194277260549997E-04
  1.1787716848052450E-03
 -1.9829918626224557E-04
  3.1897085211244968E-04
 -5.4827176255513808E-05
  8.8695763174334089E-05
 -1.5537664620283654E-05
  2.5170614783552674E-05
 -4.4857826714680355E-06
  7.2561720103404022E-06
 -1.3136222525287612E-06
  2.1179440192424579E-06
 -3.8895465280207290E-07
  6.2440457941515953E-07
 -1.1617006527857742E-07
  1.8559932218179643E-07
 -3.4937407441083928E-08
  5.5545349380230530E-08
 -1.0566301596103528E-08
  1.6719409666409571E-08
 -3.2105377706940762E-09
  5.0575520433414070E-09
 -9.7938811600942509E-10
  1.5364822995742069E-09
 -2.9980306915467788E-10
  4.6855630395091595E-10
 -9.2057843516595546E-11
  1.4337221393204537E-10
 -2.8346964653068638E-11
  4.4003849982720432E-11
 -8.7513690462713517E-12
  1.3543030062859887E-11
 -2.7082300807845375E-12
  4.1786323570341243E-12
 -8.3996673737994021E-13
  1.2922772065127541E-12
 -2.6105994103026793E-13
  4.0050121340141866E-13
 -8.1307347644126109E-14
  1.2437909538001458E-13
 -2.5369417988704951E-14
  3.8686818768192121E-14
 -7.9176636774377895E-15
  1.2042814728841602E-14
 -2.4718381150413413E-15
  3.7565395079531909E-15
 -7.8205547030273480E-16
  1.1990306572508923E-15
 -2.7816921942371155E-16
  4.1307740023026300E-16
 -1.2412981343011177E-16
  1.6271152073019202E-16
 -6.2446921448834088E-17
  6.8617968813588712E-17
 -3.6417417973684773E-17
  4.1463005509589546E-17
 -3.5345567547218971E-17
  3.4760083662573128E-17
 -2.3763749338747154E-17
  1.5538388324642881E-17
 -9.0297504539831101E-18
  6.3262871977983996E-18
 -2.5833503585099735E-18
 -7.4921999297937161E-18
  1.9235598281425398E-17
 -2.9660897033239424E-17
  3.3949522379675621E-17
 -3.4196038794297151E-17
  2.9352790143392530E-17
 -2.4170739491990857E-17
  1.9294557231271914E-17
 -1.4516479133172242E-17
  1.1088474883934329E-17
 -1.0817942242373954E-18
 -6.1236896529633903E-18
  1.1826831606555271E-17
 -1.1706920677235036E-17
  1.4533872335219232E-17
 -1.9274350227538777E-17
  2.3536303574617130E-17
 -2.4718402855382687E-17
  2.1632957265153610E-17
 -1.0760626531109905E-17
 -2.2226554353129330E-18
  9.9453374892684718E-18
 -1.3969880470152590E-17
  1.3737011283686124E-17
 -1.1436028420496605E-17
  1.3187124631061430E-17
 -1.2884451211066362E-17
  7.3225812868752985E-18
 -5.3320080779721903E-18
  2.7304345814596189E-18
 -3.4098339540314246E-18
 -1.4150081488647321E-18
  4.0200904287156450E-18
 -3.8868224201926669E-18
  2.0610204725036916E-18
  3.6285072680589431E-18
 -8.2571040871410100E-18
  1.1762449750219453E-17
 -1.4378359440029270E-17
  1.6566399993196310E-17
 -1.7019834280990062E-17
  1.9912271429351678E-17
 -1.6936095464932549E-17
  1.3207527651025870E-17
 -9.4110361494572339E-18
  2.5511640160914072E-18
 -1.8046318621971581E-18
  6.0839096207887912E-19
  6.8740470149016217E-20
 -2.3472789186465737E-18
  3.7155899711263211E-18
 -3.2830005543407858E-18
  4.4306445599586746E-20
  1.5478299786815646E-18
 -3.9751742680990415E-18
  4.8368866823372069E-18
 -5.7813946657652682E-18
  4.6295707405666053E-18
 -1.1333416225060026E-18
 -8.1140508912586179E-19
  3.7526981792360296E-18
 -5.7088256428937658E-18
  8.9100736935441911E-18
 -8.9685667091556934E-18
  1.1349325446538264E-17
 -9.2196737594692233E-18
  8.1086859961975515E-18
 -6.1286877553285996E-18
  2.6667769445609502E-18
 -1.6111832754709846E-18
  1.1741347714320839E-18
 -1.7570260200699877E-18
  2.0849163183103629E-18
 -3.3881481588996899E-19
 -5.3394015321536553E-19
  4.7781739655491147E-18
 -8.0637863812395066E-18
  9.2332188837804642E-18
 -7.9898113501252166E-18
  6.4156484543485287E-18
 -4.9213891562126337E-18
  5.2889114354796376E-18
 -3.6325357401336046E-18
 -1.1183558038049199E-19
  4.4666788431460073E-18
 -6.1923976745951251E-18
  5.1923818472759877E-18
 -3.0458899560977659E-18
  4.1288555124106839E-18
 -6.1217256916328993E-18
  8.2472118579726882E-18
 -6.9291576732150431E-18
  3.3185022028066249E-18
 -5.3857120343607629E-19
 -3.4979459576965262E-18
  5.2683468777286945E-18
 -8.0069165471903332E-18
  8.4374761968045650E-18
 -6.2126824434928489E-18
  4.5311625083364032E-18
 -1.0151051606465040E-18
 -1.2068024755788007E-19
  1.5452142791067522E-18
 -4.3643394645457351E-18
  6.7071416993355327E-18
 -6.7041459600121017E-18
  5.7370518471367760E-18
 -1.9405073795016581E-18
 -9.9372115451434681E-19
  4.9884120315374571E-18
 -1.9832471032375077E-18
 -2.5465227828606404E-19
  3.1871610028518601E-18
 -3.8146237010463014E-18
  1.3986777823850025E-18
  5.8504173913815609E-21
 -1.2720526178038088E-18
  1.6181058031717293E-18
 -4.0022994662134342E-18
  4.2886470435840649E-18
 -5.6848930421863923E-18
  2.4742137449134500E-18
  1.4221161992233613E-18
 -6.4679268306661803E-18
  6.8336846940713236E-18
 -5.3812241972052563E-18
  4.4004406209519615E-18
 -3.2776742345363238E-18
  3.5595133356895054E-18
 -1.3148677369448025E-18
 -3.6925302485084786E-19
  4.7816308186431136E-19
 -1.8301819797131913E-19
 -1.0161217806062563E-19
  1.8525860476621512E-18
 -3.3164185567119791E-18
  5.1525322340493644E-18
 -3.3853195024555038E-18
  2.2757700310010494E-18
 -6.7781874848707096E-19
 -5.6849380182321093E-19
  4.0830579170039728E-19
 -1.1355451097283350E-19
 -3.9650583672744958E-19
  8.8156382674427112E-19
 -2.7649505752818315E-18
  3.3838338067448670E-18
 -4.7175004187350226E-18
  5.0415961604080903E-18
 -3.8026502177430368E-18
  3.3984974989195719E-18
 -2.9002286464654032E-18
  2.8627592644437537E-18
 -4.2570968864339757E-18
  4.9445299110753403E-18
 -6.4442220286729831E-18
  4.9524624004825292E-18
 -5.5452577517943576E-18
  2.3101836525102695E-18
  1.0618339223263725E-18
 -3.7240146415527627E-18
  4.3424136236381770E-18
 -5.1825943249673406E-18
  5.5075028426361857E-18
 -5.9599081345066462E-18
  5.4489970824153471E-18
 -6.8218009718991942E-19
 -2.4766636545501906E-18
  4.1015369121054905E-18
 -1.7294482355040451E-18
 -1.1146991069860852E-18
  2.6361822422494263E-18
 -4.0828972246961543E-18
  5.3155826585497912E-18
 -6.2775767099690236E-18
  8.3988599156942582E-18
 -1.0391879848801811E-17
  1.1709432840147440E-17
 -9.5903481074903951E-18
  5.4447661772025194E-18
 -2.1750342600466623E-18
  9.1549815126633083E-19
  2.0363110340952658E-19
