                     128
                  0.0497
      0.0000000000000000
  2.4669813508710714E-03
  2.4446149973330998E-04
 -6.0858802104673255E-06
  2.0151945228400731E-07
 -7.5068579726092194E-09
  2.9828284075888710E-10
 -1.2346030134610039E-11
  5.2560957915009052E-13
 -2.2845600422638035E-14
  1.0083131164550818E-15
 -4.3930589544247523E-17
  2.1437725263808642E-18
 -1.0520009591532653E-18
 -8.7103272208343247E-19
  1.7866134489053017E-18
 -1.5449596518207802E-18
  5.4419073843930877E-19
  1.2627136793337200E-18
  6.0474086233825229E-21
  1.6747152528943706E-20
  1.3440516213095623E-18
 -1.0114024437389668E-18
  6.1000686104119781E-19
  1.5140757487799238E-19
 -5.7782264788658237E-19
 -1.4340370778219586E-18
 -4.1053990566033742E-19
  1.1372793521908925E-18
 -6.7532486762866575E-19
  1.1444997016942017E-18
  3.4084261210871222E-19
 -5.0875763382662324E-19
 -5.5125447886614592E-19
  1.1462894403315350E-19
  6.6878471339478072E-20
 -1.6251711710586403E-19
 -4.6092435251077259E-19
  4.7908853084973232E-19
  3.9034181784870411E-19
  4.4146690137803910E-19
 -7.6953108492718566E-20
 -1.2134183547975321E-19
 -3.7759260164503321E-19
  3.9255251166233090E-19
 -6.7607848779360172E-20
  5.1186061183546592E-19
 -7.6959756334939901E-20
  6.7965916642176866E-19
 -4.3732941995985607E-19
 -2.6684942902764614E-19
 -2.2153233439338136E-19
  4.4670429605081349E-19
 -1.6605153011108298E-20
  8.3935199040042865E-19
 -1.1809066081109540E-19
  1.7109310628094979E-19
  8.8858627251278099E-20
 -3.1767427410781494E-19
  1.3037306193801889E-19
 -2.4791292140992930E-19
  1.6879110250861462E-19
 -2.4247271332648377E-19
 -2.3547746967321464E-21
 -5.0321427177858036E-20
  2.6182695899778333E-20
 -7.5834279433416590E-21
 -1.2746103678709294E-19
 -3.1537993517290298E-19
  4.0672589619923158E-19
 -1.3263219239031800E-19
 -2.5831946750522505E-19
  3.9004395513107987E-19
 -3.9048348055152814E-19
  4.5590191761288758E-20
 -6.3072777542999220E-20
 -6.2873888362703772E-20
 -5.3076861226275398E-20
 -3.0459550048594634E-19
  3.2345418033199909E-19
  2.6207124729171654E-20
 -1.6934447004386946E-19
  4.8771589120350109E-20
  3.0269545104371228E-21
 -2.2911800385120639E-19
  2.0637609393678351E-19
 -3.4273603969702180E-19
  2.3006412512335400E-19
 -4.6258358343546794E-19
 -3.7839755849086130E-20
  9.8064242436353835E-20
 -7.3576326949452795E-20
  1.1202870993281107E-19
 -2.4380434267208946E-20
  6.9751375944408476E-20
  3.7443036011399337E-19
 -1.9748955473045511E-19
  1.8012541935046228E-19
 -1.5444724797046672E-19
 -2.2857011485578275E-19
 -1.5549700407844016E-19
  3.8780246972278872E-19
 -1.9635748609346848E-19
 -1.3506168368953158E-19
  1.2831756348113667E-19
  9.9853389153779815E-20
  1.0454449585458573E-20
 -1.6389859200794623E-19
  1.5876798964967316E-19
 -1.1213506933767982E-19
 -1.1092496558568753E-19
  1.5259306443873057E-19
  6.4461022237208045E-20
 -1.7149132810674200E-20
 -1.5414801553987798E-20
 -2.1200433775176026E-19
 -2.8912424553924400E-20
  6.3928619668438882E-20
 -3.5057586499829746E-19
  2.4575051459314055E-19
  1.1578300788668881E-19
 -4.7685039193514650E-20
 -1.4164822686032132E-20
  1.2562958211861412E-19
 -2.5527332957314736E-19
  5.6030438205581359E-20
 -5.0782240212364752E-21
  7.7465373415195799E-20
  8.0001206154569701E-20
