                     128
                  0.2700
      0.0000000000000000
  7.3637847051104502E-02
  3.7340800933926818E-02
 -5.3419150102534622E-03
  9.6834033305074111E-04
 -1.9613564080538332E-04
  4.2351167695912707E-05
 -9.5263328678639351E-06
  2.2042008165738220E-06
 -5.2065799596781258E-07
  1.2494181606586272E-07
 -3.0357668989244478E-08
  7.4507750640254597E-09
 -1.8439299346514859E-09
  4.5953476522695793E-10
 -1.1520554214169527E-10
  2.9030381043149850E-11
 -7.3479954011022541E-12
  1.8671812242193205E-12
 -4.7611426257766109E-13
  1.2178114122065495E-13
 -3.1236752626432563E-14
  8.0329180145185968E-15
 -2.0720585240574128E-15
  5.3678417804674200E-16
 -1.4243773676762811E-16
  3.7813960251769889E-17
 -7.8903599303730845E-18
  3.1853892816788203E-18
 -5.9542209041847908E-19
  8.2423579236493674E-19
  1.2770126019106665E-19
 -7.6523509289050555E-19
 -3.0884542686320477E-19
  9.0851661757701050E-19
 -1.0685431827993099E-18
  4.0642343398679412E-19
  8.1192487491880075E-19
 -9.3602648242050766E-19
  1.0070821105018855E-18
 -8.0059302374069619E-19
  5.6402838292940127E-19
  6.6734205846999109E-19
 -4.5985348509729866E-19
 -6.0315281101805441E-19
  7.5776886165998278E-19
 -1.6913006260089203E-18
  4.4652541526667010E-19
 -6.4619820829442738E-19
  1.0833688786450554E-18
  4.7366066027339566E-19
 -1.4159860598090525E-18
  1.0918913007539825E-18
 -8.4371955403785466E-19
  8.3247805731317197E-19
 -4.3406866529403202E-19
 -4.7102590131722710E-19
  7.9823750088262471E-19
 -2.1442397135397444E-19
 -1.6897303938570858E-19
 -3.3812553420095489E-19
  2.6997005972245974E-19
 -2.0218205826372174E-19
 -6.3458718917707444E-19
  1.1581264723877321E-18
  1.6136522903854203E-19
 -1.0500534611280739E-18
  3.4315441836980718E-19
  9.6656896997432080E-20
  5.4417104111121391E-20
 -1.6730177796582281E-19
 -3.0308604472563300E-19
  4.7907826048529306E-19
 -6.8535760284517188E-19
  6.1598811207892392E-19
 -1.2886152921187048E-19
 -7.2773355605464844E-20
  5.1536540313537074E-19
 -2.3614760837915664E-19
 -2.4102621229417701E-19
  4.7804655616055215E-19
  3.5800465524046607E-19
 -8.0284943221917570E-19
  2.7015749377865070E-19
 -1.8819619594018241E-19
  3.0086268137960532E-19
 -5.5953956908741364E-19
  1.0872693273328934E-19
 -4.9723214740691347E-20
 -8.1680580960228385E-20
 -1.0547175894627735E-19
 -2.1474707673920398E-19
  1.4654744838397287E-19
  2.2444968217122802E-19
  1.9597829055621053E-19
 -4.3417873640787878E-19
 -6.9874952567726954E-19
  4.3078239613579095E-19
 -1.1973552630042130E-19
  4.6575416223183888E-20
  1.5607144641398574E-20
  3.4562972298492036E-20
  1.9351909794863399E-19
 -4.1606139618259946E-19
  1.3763395170431689E-19
 -6.6698540302321015E-20
  2.1737487128556531E-19
 -4.5727180108329149E-19
  5.1023506043619515E-19
 -1.3179983849371981E-19
  1.4948165422734846E-19
  2.8769712490981527E-19
 -3.6494838957054818E-19
 -1.3141759007692268E-19
 -1.4355408667153049E-19
  9.5517047097252436E-20
 -7.0452184981264673E-20
 -4.3567007134008354E-20
  1.4411236291991175E-19
  1.7040439226987287E-19
 -1.4401205494900639E-19
  9.5217120343190541E-20
 -1.2375100237035475E-19
 -2.5463312979857366E-21
  3.9072202947392691E-19
  6.7474568255075726E-20
 -4.6326997255626239E-19
  1.9442551264078868E-19
 -1.9956892284306593E-20
