                     128
                  0.0400
      0.0000000000000000
  1.6000081821941573E-03
  1.2779672382078042E-04
 -2.5600054888090842E-06
  6.8267114118519843E-08
 -2.0480127514624589E-09
  6.5536401241088392E-11
 -2.1845434782823450E-12
  7.4892593869869982E-14
 -2.6262389319137813E-15
  9.3632322475427346E-17
 -2.2386292020976346E-18
 -1.1699320715589792E-18
  1.8441799418349850E-18
 -2.2906955604046892E-18
 -9.5403503146300687E-19
  6.9596206342913344E-19
 -1.7344204462174254E-18
 -1.9021456195082404E-18
  2.2501164874391655E-20
 -6.6697821804218414E-19
 -5.9111513421509447E-19
  2.4701070979082160E-19
 -5.4442434510961898E-19
 -8.1478442275703678E-19
  8.6256187086845374E-19
  8.0788121637294015E-20
 -3.1092333273873574E-19
  1.2891881428962769E-18
 -1.1006646574936729E-18
 -3.1431847994649703E-20
  6.7698156400340517E-19
 -4.4551151171099145E-19
 -1.6283201131232844E-19
 -1.6637825570205867E-19
  5.9895266415404972E-19
  7.2625303472714980E-20
  3.2587081383108879E-19
  1.0769417249612403E-19
  1.9639010094227694E-19
  2.3992017978695861E-19
  7.1488749444977611E-19
  1.5290449125636596E-19
 -3.6488349218766099E-19
  8.3928934724502926E-19
 -4.1512005210370270E-19
  2.6001678394374193E-19
  4.4407839275836347E-19
  1.3077963021876812E-19
 -2.3969769344876584E-19
  2.1175706344112851E-19
 -6.9940593360994738E-19
  4.5467556999308069E-19
 -6.4452562605171137E-19
  4.1211697316993132E-20
 -2.7634897276308372E-20
  4.0411350590033645E-20
  6.9597784330363901E-20
 -7.6438895401844119E-21
 -5.3508963442227469E-20
 -1.4996646454073580E-19
  3.0898474233975913E-19
 -1.8768954823336939E-19
  5.0222376302793842E-20
 -3.0167158703106728E-19
  7.7128864823307075E-19
 -4.1951627529910879E-19
 -1.0009895661087880E-20
  2.0371615887662503E-19
  3.0562293368563316E-19
  1.7060983117773452E-19
  1.6161459736254116E-19
  6.4335499789796899E-20
 -1.4673038659872031E-19
  3.5059097278609311E-19
  6.2938874214452595E-20
  3.7587993352598486E-19
 -1.5491827746471289E-19
 -2.3472717541530576E-19
 -2.0439999381863568E-19
  2.4135062196099665E-20
 -1.9847149330496508E-19
  1.3687569868015255E-19
  2.1800260333657945E-20
 -4.4405837564327641E-19
  1.4149784458712357E-19
 -3.3927389717963964E-19
  1.6474065504777248E-19
 -4.8181809571582438E-20
  1.4434579981884570E-19
 -4.3128833097893439E-20
 -7.0866571097185830E-20
  3.1673674092859411E-20
 -3.5936472245588487E-20
  1.5272142233844315E-19
  7.6167940673468237E-20
 -1.1213595188398974E-20
 -1.5340047082690415E-19
  3.5091256211615867E-19
 -3.9571750016658758E-20
 -2.4319241293817209E-19
  9.1779631893721497E-20
  1.9257355988654825E-19
  2.5293656113237219E-19
 -7.5625617058314404E-22
 -1.0116368948801022E-19
 -3.1606803493397692E-19
  7.7098158282363061E-20
 -3.1446259000556825E-20
  1.5255412331576282E-20
  2.6479063975529142E-20
  1.1745242210083652E-19
  1.1131155852008009E-19
  1.2707927319715936E-20
 -1.2701230634170169E-19
 -1.1033220103629691E-19
  1.6088792611598584E-19
 -4.3461042174505091E-20
 -1.9944653698368082E-19
  1.0714033727453041E-19
 -2.2684895915300547E-19
  7.5003675498035168E-20
 -1.1470101535549734E-19
 -8.8742775189178542E-20
 -5.2026419572392113E-20
 -5.5655586873664621E-20
 -4.6873366784769812E-20
 -9.4187747527615163E-20
 -9.0730507418951874E-20
