                     128
                  0.4400
      0.0000000000000000
  2.0676253109135245E-01
  1.5885617594833201E-01
 -3.9028463699853057E-02
  1.1827274214071240E-02
 -3.9317269950241351E-03
  1.3843641699935278E-03
 -5.0699524433920294E-04
  1.9096859191689526E-04
 -7.3444447406024484E-05
  2.8699845666140810E-05
 -1.1356944494536153E-05
  4.5400292315991526E-06
 -1.8302001875117892E-06
  7.4301105720415961E-07
 -3.0345449223617192E-07
  1.2457560310627945E-07
 -5.1371609559000693E-08
  2.1268003830927721E-08
 -8.8358259366491962E-09
  3.6823062330738435E-09
 -1.5388838607161490E-09
  6.4474244613252371E-10
 -2.7074413213932221E-10
  1.1392938741921529E-10
 -4.8032951508356019E-11
  2.0286257207618999E-11
 -8.5815196082484134E-12
  3.6355761111729724E-12
 -1.5423427509150512E-12
  6.5515642119594910E-13
 -2.7863144009689594E-13
  1.1863198296844258E-13
 -5.0561715951624880E-14
  2.1570716980684731E-14
 -9.2115893928875042E-15
  3.9375203037251551E-15
 -1.6843900214902450E-15
  7.2003483187879571E-16
 -3.0689449426945576E-16
  1.3104876552358003E-16
 -5.4343526015318551E-17
  2.0513014258333076E-17
 -6.2856699674942218E-18
  9.8777590803477230E-20
  1.8114032383146494E-18
 -1.1163655507545077E-18
  5.8457101241727400E-19
 -1.2897119621809398E-18
  1.5930158468481349E-18
 -8.2616544330454476E-19
 -1.4937277610897172E-19
  5.2678906716937633E-20
 -7.6809543443997359E-19
  1.1628739422508758E-18
  4.7166122809242517E-19
 -1.9582084398222452E-18
  1.8049345402835735E-18
 -1.1974366371608633E-18
 -1.2641689577440658E-19
  1.2806007243006439E-18
 -1.1621982557683294E-18
  1.3975169763141384E-18
 -9.7881476615367103E-19
  6.2024525306542724E-19
 -1.7428049846989179E-19
  1.2317798575847972E-19
 -1.3033700306629886E-19
 -2.5059190220894089E-19
  3.1892765428024949E-19
 -1.2053429015113011E-18
  4.6908621672426279E-19
 -3.2693240001121769E-19
  1.6891420846737691E-18
 -2.0628926600847305E-18
  8.7438374119176131E-19
  6.0036170437431102E-19
  5.2094540292926497E-19
 -1.3590552983664294E-18
  3.0221768028080000E-19
  4.3593618122518201E-20
  8.7320845245475446E-19
 -9.4406863704687780E-19
 -2.3934817327339828E-19
  1.0358616017213154E-18
 -9.7452551300756865E-19
  8.4635040973682276E-19
 -1.3928302680418361E-19
  4.1165599090138790E-19
 -6.3189412894289076E-19
  2.6861580069976892E-19
 -6.0084196501519754E-19
  7.5934537176301662E-19
  2.5392779674781836E-19
 -1.1132942667330342E-18
  5.2493489707753066E-19
 -6.6683346989823420E-20
  1.0420236814336959E-19
  2.3522066808665035E-19
 -6.4241362665088725E-19
  6.0863169079111385E-19
 -6.2457082075726086E-19
  1.6969847762029924E-19
 -2.0781607226664644E-20
  5.4676283679054789E-19
 -9.9562980181056756E-19
  7.5678294745164849E-19
 -9.7098906917442243E-20
 -3.8634170191139258E-19
  4.7269383125437120E-19
 -3.9794074658564462E-19
  2.3275980257452638E-20
  1.7802033247379388E-19
 -2.7578924882052050E-19
  3.9695321099667178E-19
 -4.2332060722135308E-19
  3.1096463297786753E-19
 -1.6914207850806039E-19
  2.2620576848078775E-19
 -8.1908881314742110E-20
 -2.7734551154316165E-19
 -1.8768934601532297E-19
  8.5262436758008115E-19
 -5.8079234005384351E-19
  2.8606426213597809E-20
 -1.1312449165571898E-19
  3.5400431890188432E-19
 -1.2609672119658706E-19
 -1.0166585354086564E-19
