                     128
                  0.2900
      0.0000000000000000
  8.5225697681958312E-02
  4.6041275614922481E-02
 -7.1222914990712290E-03
  1.3894323199368996E-03
 -3.0234187807912680E-04
  7.0114791343355915E-05
 -1.6938177188915703E-05
  4.2091712994630200E-06
 -1.0678471572164157E-06
  2.7522009177650513E-07
 -7.1822388723532166E-08
  1.8932782697922983E-08
 -5.0324662900740260E-09
  1.3470377553290661E-09
 -3.6271113325137960E-10
  9.8167415113308140E-11
 -2.6687723627623462E-11
  7.2838047749653792E-12
 -1.9948624389807995E-12
  5.4804041745519203E-13
 -1.5098132748372726E-13
  4.1698536952191785E-14
 -1.1541782041795290E-14
  3.2026922370272289E-15
 -8.9032872320791120E-16
  2.4730690399639877E-16
 -6.9854320029723985E-17
  2.0182971378465163E-17
 -5.2273064777730865E-18
  1.7193158017702724E-18
 -7.3213175468890905E-19
 -5.2498544808716266E-19
  9.8542397342518740E-19
  1.4663489858030028E-18
 -2.1140715416463879E-18
  1.3115518921455257E-18
 -8.1988609797536335E-19
  2.3767450289227691E-18
 -6.4782409110051288E-19
 -1.0284295020471874E-18
  9.2137886232187750E-19
 -2.7565856784711199E-19
  3.1340835199308380E-19
 -2.2509967098403756E-19
 -2.2749188250033591E-19
 -4.9356458126804641E-19
  1.2522494209404432E-19
 -3.6104556832415900E-19
 -1.3317209168827913E-19
 -7.8192876972180871E-20
  1.1114537996938736E-19
 -1.8717327999336673E-19
  9.0463038733898478E-20
 -3.3289399951021735E-19
  2.5385862176028320E-19
 -7.4785124158782381E-19
  9.5074886276018567E-19
 -8.8108218130011374E-19
  1.1165353264153307E-18
 -1.2601218395126109E-18
  7.1504145609677294E-19
  6.3455914569736610E-19
  5.5372114547429920E-20
 -2.2393728460710122E-20
 -9.2456466740072227E-19
  4.1651141142713063E-19
  9.5162827687562137E-20
  7.9669643064591218E-19
 -1.2909624350186454E-18
  5.5651023320501217E-19
 -2.3445488282723184E-19
  1.0543803874735672E-20
  1.6761908307759665E-19
 -5.8117105355835062E-21
 -5.8609987682187240E-20
 -2.8568824585555650E-19
  4.7304798439486949E-19
 -3.1734265556914406E-19
  8.3925958873017075E-19
 -5.8529954078229566E-19
 -4.2769093999860636E-20
 -9.6722631785314602E-20
 -1.0262014234442413E-19
 -3.1143526720369785E-19
  3.6007466431962048E-19
  2.3420900314267780E-19
 -5.4715800226012102E-19
  6.8167559978693558E-20
  1.7661968758627801E-19
  2.4145172023232471E-20
 -3.3698897758307567E-19
  7.0609653187855998E-20
 -8.4872084552579970E-20
 -3.5426298807071382E-19
  1.1786440616318229E-18
 -1.2867226653338712E-18
  8.9123328348495224E-19
 -1.0560488467482762E-18
  6.0582107149338131E-19
 -1.4206537668758521E-19
 -1.4038600593381764E-19
 -3.9247178841790015E-19
  4.4598466563353283E-19
  1.1080498945180465E-20
  1.3482415606993181E-20
  3.7763092766655783E-20
  5.0276211931094511E-20
  5.7209783556856511E-19
 -8.2133609599740306E-19
  4.6681879268763901E-19
 -2.6276563119924276E-19
  1.5428125199560917E-19
  2.7121266519176155E-19
 -4.4452028890663406E-19
  1.7077615874249152E-19
 -2.6484399270765286E-19
  3.1588967899901660E-19
  4.0346962212253982E-20
 -1.9641913442665011E-19
 -6.0898187811464393E-20
  8.6983614696150311E-20
 -4.7919112208622883E-20
  1.7093887694869377E-19
 -5.5863918267574828E-19
  2.5137247040947549E-19
  7.9028782284892264E-20
 -6.9231359673738324E-20
 -1.9766590862528433E-19
