                     128
                  0.4995
      0.0000000000000000
  2.7746898276856546E-01
  2.3599485063770276E-01
 -6.6703090673551971E-02
  2.3227202760010997E-02
 -8.8225423925964302E-03
  3.5344080248381387E-03
 -1.4698146185248128E-03
  6.2823084917713564E-04
 -2.7412905514988901E-04
  1.2154275283361454E-04
 -5.4575148142487920E-05
  2.4757396144893680E-05
 -1.1326134040154340E-05
  5.2183623656271462E-06
 -2.4188205006323985E-06
  1.1270068259854481E-06
 -5.2748531149347939E-07
  2.4786548844240139E-07
 -1.1688150263535278E-07
  5.5288392340172367E-08
 -2.6226516318652265E-08
  1.2472293410875489E-08
 -5.9449530451286122E-09
  2.8396055156975257E-09
 -1.3589314101997394E-09
  6.5147687691236066E-10
 -3.1282571576810299E-10
  1.5043701352632962E-10
 -7.2445004443375960E-11
  3.4931829494956042E-11
 -1.6863794801125195E-11
  8.1503468970973236E-12
 -3.9432358688468071E-12
  1.9096656456058661E-12
 -9.2568734390871402E-13
  4.4910596533150071E-13
 -2.1806542390636972E-13
  1.0596289913063658E-13
 -5.1527237758081939E-14
  2.5075610153823847E-14
 -1.2209986362120152E-14
  5.9486781455465944E-15
 -2.9008518876831868E-15
  1.4147797083096028E-15
 -6.8933038930920548E-16
  3.3499288510049715E-16
 -1.6345154504528586E-16
  8.0525554866751247E-17
 -4.0153129505233842E-17
  2.0447171934233182E-17
 -8.7055399380469561E-18
  2.2481246345860583E-18
 -1.7515150014970738E-19
 -4.5040260102991828E-19
  2.2434426211475532E-19
 -1.4927788269975541E-19
 -1.4006592159676393E-18
  1.5679010736331026E-18
 -4.7772898561506272E-20
 -4.0750120969191571E-19
 -8.8363441395084385E-20
  1.2333629683015373E-19
  4.5429145663788661E-19
 -6.9919757895238235E-19
  2.9937477362775357E-19
  6.9456650145289933E-20
 -2.2633041802450719E-19
 -6.3841296706044241E-19
  1.3048999918565803E-18
 -1.4734244822637396E-18
  1.3221674921516399E-18
 -1.2036434025966143E-18
  7.3709429889185943E-19
  1.0671515794304298E-20
 -3.0400117112912302E-19
 -3.5375991253146035E-19
  2.9766670940737334E-19
  3.9672567953057667E-19
 -1.3903204284195663E-18
  2.8007156353230595E-18
 -2.8106902655009602E-18
  2.0627359269819233E-18
 -1.7149094838480175E-18
  1.4180345736146098E-18
 -1.1471298579661907E-18
  6.5963061897147375E-19
 -6.0312323363873584E-19
  9.5372536489933514E-21
  2.7175097397318150E-19
 -3.7896413621894103E-19
  3.9387282964800251E-19
 -1.4467515728224812E-19
  1.5711347451665626E-19
 -5.7354737994393348E-19
  1.0201126282359327E-18
 -1.3452396590372824E-18
  1.1699346946399203E-18
 -5.6598767040316142E-19
 -2.0130824884695986E-19
  9.6425578867364181E-19
 -1.3618076967890436E-18
  1.2870182401732850E-18
 -7.6997095797443584E-19
  5.4174492644461948E-19
 -9.1014870569667212E-19
  9.3403971631832433E-19
 -9.3517840941823761E-19
  1.6673542407177346E-19
  3.3769539895335731E-20
  7.3657458431641305E-19
 -8.6901461792139716E-19
  9.3886205960597633E-19
 -7.0410187513645235E-19
  2.1232553691381275E-19
 -2.5470215908960665E-20
  1.3443926447428426E-19
 -6.7538780567053297E-19
  6.8575983016806629E-19
  1.7595006329084144E-19
 -1.1920652345178663E-18
  1.5917334377403240E-18
 -1.0892926945934209E-18
  7.8532443473936122E-19
 -1.4937565970217573E-18
  1.4668398512170832E-18
 -1.0984089463904289E-18
  6.2408276276107725E-19
 -2.6680922232425594E-19
