                     128
                  0.1853
      0.0000000000000000
  3.4411631309329047E-02
  1.2351361643471873E-02
 -1.1799965452142891E-03
  1.4602372354024861E-04
 -2.0291683539310005E-05
  3.0076176711034020E-06
 -4.6437316646346950E-07
  7.3748570237803490E-08
 -1.1956381420435367E-08
  1.9691944639130465E-09
 -3.2837856436342571E-10
  5.5313040598435561E-11
 -9.3947617490875019E-12
  1.6068383628857310E-12
 -2.7646346989947762E-13
  4.7811017691489399E-14
 -8.3059006993532991E-15
  1.4483212767296795E-15
 -2.5459044405851456E-16
  4.7204276680477423E-17
 -9.3512430751553121E-18
  2.6662133329996321E-18
 -2.0935284484192073E-18
 -1.8211443536468830E-19
  1.6290022279079092E-18
 -1.8045234841009033E-18
  1.0729336844611602E-18
 -7.6107039255635979E-20
  5.5150143118802536E-19
  1.2301123965572134E-18
 -9.7988499972035236E-19
 -4.9008372018450523E-19
  7.6111046669056775E-19
 -6.2247991640596208E-19
 -2.8896953421684747E-19
  6.2636552157831899E-19
  2.1165584138852912E-19
  3.9965571692476353E-19
  1.0054446273738352E-19
 -1.0960330176639703E-18
  3.7845374760265469E-19
 -1.3356203061586427E-19
  7.2433367195001341E-19
 -1.2854250600621595E-18
  1.1982605667321501E-18
 -1.1209770147581663E-18
  6.2307880390444160E-19
 -4.3459090634694404E-19
  4.6252075778218633E-19
 -4.2464456761556440E-19
  6.8695403470769641E-19
 -5.7054989433560294E-19
  6.7057277949561318E-20
  3.3524733596867743E-20
 -8.9727073928581857E-20
 -8.1968289280900769E-19
  3.0250063917241773E-19
  1.4589006900933099E-19
  3.5074508375504978E-20
  3.1437449387595865E-19
 -5.2351912662250098E-19
  1.2869058935759621E-18
 -4.8323235022676904E-19
  2.7610679271950132E-19
 -1.8079208988979182E-19
 -5.0200703499134973E-19
  3.8887069969492222E-19
 -1.1685292550212107E-20
  3.3211112892799745E-19
 -8.9894037533285907E-19
  2.3311043732550906E-19
  2.3570469341758115E-20
  1.9412236306209151E-19
 -4.5385315809552983E-20
 -1.5132230714119854E-19
  2.4698867829357247E-19
 -2.4484929933029136E-19
  3.9556889891529495E-19
 -2.0076857683381533E-20
 -5.1274654659248899E-20
  7.2472729510103558E-21
  5.7670310314608764E-19
 -3.1500631115925170E-19
  2.3756198672736958E-19
 -8.3885539534256815E-20
  4.6599269113491897E-20
 -1.6638739512128612E-19
  6.3208827106379447E-20
 -2.2385000415778073E-19
  3.5656022613203994E-19
  2.0721724475008888E-19
  3.3510781357084097E-19
 -3.4434653558237251E-19
  2.3203788336110885E-19
  7.4900864782151016E-20
  3.0927369213666236E-20
 -2.1024055974347382E-19
  2.8720554257057268E-19
 -6.1056101313257542E-19
  2.1360311294576354E-19
 -2.2011538527622017E-20
  6.8944651849345325E-21
  2.9131532132112139E-20
  4.4943797556985688E-19
 -3.6299754511254528E-19
  2.7307181529438304E-19
 -1.3643011097974938E-19
 -1.8932325181979576E-19
  1.8548963680686307E-19
 -2.2046874505006503E-19
  3.8279219872886063E-19
 -2.4886792592781861E-19
 -2.8934657660285666E-19
  1.0098487246928052E-19
 -1.3267802592815052E-19
  2.1461394323069693E-19
 -2.8247014263127430E-19
  5.9714576471407087E-20
 -1.1691456061042834E-19
  3.3435741258226778E-19
  2.3491625497331181E-19
 -1.5934204470638444E-19
 -9.6638267192956798E-20
 -3.5978444901786032E-20
 -7.9302131030238317E-20
  6.6731990950945069E-20
  1.9098053548271579E-20
 -1.6612360248718324E-20
