                     128
                  0.2159
      0.0000000000000000
  4.6807978878392963E-02
  1.9374094069389142E-02
 -2.1770780034671595E-03
  3.1434482994342143E-04
 -5.0898656079255999E-05
  8.7897417073447988E-06
 -1.5812198874127683E-06
  2.9258798629844084E-07
 -5.5269354120617926E-08
  1.0606148477589042E-08
 -2.0607737101511576E-09
  4.0445560360892399E-10
 -8.0041998800391883E-11
  1.5951201280132937E-11
 -3.1977749896544768E-12
  6.4435706806861928E-13
 -1.3042269781402607E-13
  2.6502155348235838E-14
 -5.4053533473859930E-15
  1.1064214101260934E-15
 -2.2647108500838654E-16
  4.5219943643547630E-17
 -9.4839743182321407E-18
  2.4035982083832128E-18
 -4.6197138534777569E-19
  1.7436071344718339E-18
 -1.6178121625552208E-18
 -1.0589868716840409E-18
  3.0155415170560922E-18
 -3.7972500227535268E-19
 -1.5957632516697187E-18
  2.2663471581050230E-19
 -1.4383104453828945E-18
  7.3675750211814801E-19
 -6.3838172746624617E-19
 -6.8785535798606769E-19
  8.5258577341134606E-19
  2.9124250911404177E-19
  8.9763267159931098E-19
 -6.8790721801792004E-19
  1.1549703621564923E-18
 -1.2527457617944665E-18
  2.8563633166478610E-19
 -4.7525418881077926E-19
 -5.1197913662935322E-19
 -5.0775711516530503E-20
  6.1848350075522067E-19
 -8.8190132741168182E-19
  5.4364411280670465E-19
 -8.4990495333014323E-19
 -2.4586895386954828E-20
 -3.2078055817033578E-19
  7.7511841396143798E-20
  3.3980784668779374E-19
  7.8610988679453566E-19
 -8.6738433987612210E-19
  3.5330862752985300E-19
 -6.6123397811899699E-20
 -4.9932581661824270E-19
 -2.9755329715784107E-19
  2.6285201579133748E-19
 -2.3988355182805621E-19
  3.2399807604765255E-19
  4.9314937817462999E-19
  9.8840561740710887E-20
 -1.0362955030329702E-19
  3.7056622396175854E-19
 -6.4278859450105605E-19
  1.9642951646913185E-19
 -4.7358920630121884E-19
  6.1794426460827095E-19
  1.0687411039882569E-19
  4.5653365455931607E-19
 -3.8920449147961518E-19
  4.1164193514842541E-19
 -2.6924153609877137E-19
 -5.6425920320212816E-20
  3.5241630120603902E-20
  3.3288021912242786E-19
 -4.0331506955779154E-19
  2.4309860408375184E-19
 -2.1555014687056811E-19
 -5.1170465359517744E-19
  7.9732683249655336E-20
  1.8474181466987037E-19
  4.0487734959372910E-19
 -7.5330884706922527E-21
  9.9934344243204281E-20
 -5.0239250359700950E-19
  5.4489297167131727E-19
 -6.6881927584211162E-19
  8.4735895222729136E-19
 -1.4134037370211836E-19
 -6.2297164398152032E-20
 -1.0722389732095522E-19
 -5.0846119625220856E-19
  4.7517614861122077E-19
 -2.3045031945850183E-19
  2.6688981417715754E-19
 -1.8310241563275334E-19
 -5.3824974384935055E-19
  5.1862938854016505E-19
 -4.0943153199226017E-19
  3.9106655766450229E-19
 -2.7178539861322662E-19
 -5.2454953767625451E-21
  7.1874752811058679E-20
  1.3674752582368676E-19
  2.4645755028358607E-19
 -9.5166883947991278E-20
  2.6482259761170729E-19
  5.2253843679966455E-20
 -9.9166261043553645E-20
 -2.3510440326271931E-19
  1.1636768389965859E-19
  1.5969121368992458E-19
  9.3106293013704094E-20
 -1.6249481237790447E-19
  6.2920668320882538E-20
 -9.8644027820634928E-20
  3.9755814632916490E-19
 -2.6517851181588551E-19
 -3.6917527751125150E-20
  2.7034243299499896E-19
  3.7849334609090968E-21
 -1.1985635977235215E-20
  7.6167791800805329E-20
 -1.3548507573242892E-19
