                     128
                  0.6500
      0.3693319881868720
  5.6473730865537064E-01
  6.9937857093918265E-01
 -3.8058009318506301E-02
  3.1577837625592312E-02
 -2.3909497299883756E-03
  2.5224148538285098E-03
 -2.2766725746042229E-04
  2.4088078418252364E-04
 -2.3827975695693328E-05
  2.5281942898199318E-05
 -2.6264658293876821E-06
  2.8008791301411793E-06
 -3.0093019222457209E-07
  3.2124749605682380E-07
 -3.5468725365185887E-08
  3.7761057709072686E-08
 -4.2666267874033888E-09
  4.5216296717431357E-09
 -5.2099788635647492E-10
  5.4936923125833043E-10
 -6.4351427175058100E-11
  6.7533857765793118E-11
 -8.0211643287870891E-12
  8.3820431351274052E-12
 -1.0073567659951024E-12
  1.0486930808529361E-12
 -1.2731622852652758E-13
  1.3208474051707912E-13
 -1.6172013652568478E-14
  1.6720913350045058E-14
 -2.0563557500956807E-15
  2.1231139284444207E-15
 -2.6330409391781666E-16
  2.7560173537201947E-16
 -3.5227242534693842E-17
  3.1617235521407964E-17
 -2.6896476859263423E-18
  7.1035174296799797E-18
  9.7901698728243413E-19
 -1.5390131612144752E-18
  1.0621710960549844E-18
  3.1805804983245120E-20
  2.4642874076600786E-19
  8.2419443568378425E-19
 -2.0007214074773502E-18
 -1.4021921299092077E-18
  7.5990164574996294E-19
 -1.5263360689568765E-18
  2.0882620939124316E-18
 -2.0774365141128812E-18
  2.7286788332419369E-18
 -7.0133306423115142E-19
 -3.5276839520008848E-19
  1.4021984568923766E-19
  2.2843986900211668E-19
  5.7938815331280876E-19
 -5.6847178222068511E-19
 -2.9171328216671383E-19
  2.8755558214480551E-18
 -2.3082288568043198E-18
  3.7723774029903706E-19
 -1.8568061723643292E-18
 -7.6311782835858294E-20
 -2.2103340391202179E-18
  1.6387084862990059E-18
 -1.3031854526613140E-18
  3.4708161433750735E-18
 -2.6230951324475547E-18
  1.5481172587073777E-18
  5.6858911218644624E-19
 -1.7238386522358900E-18
  1.4035121055164934E-18
 -2.5996983205139565E-18
  3.0014332993546107E-18
 -3.6837633248897568E-18
  4.1007833694656462E-18
 -4.5024909971844579E-18
  2.0920457467358878E-18
 -1.0184266215658784E-18
  7.9601503248202901E-19
 -6.8447733215293844E-19
  1.8276397943525111E-18
 -2.4560607369171412E-18
  1.4600925016975041E-18
  1.1292901394751591E-18
 -5.6086930605154281E-19
 -1.7538366556269542E-19
 -1.4181786687253360E-18
  8.3474485848561403E-19
  8.8329488815810972E-20
 -1.6242645724673343E-18
  2.5734429916156384E-18
 -4.4999652884465354E-19
 -1.4162169410384902E-18
  2.1546786772767764E-18
 -2.2136561245169190E-18
  1.1072697222341301E-18
  5.2890764355953809E-19
  1.5261685676426925E-20
 -1.5119139481823504E-18
  8.2667718740332136E-19
 -2.6223505114680973E-19
  1.9254773145173884E-18
 -1.9826614567055245E-18
  1.0858398295506144E-18
 -2.0755212618322806E-18
 -2.0496393616288919E-20
  9.7647192701866466E-19
  1.3588764114528620E-19
 -8.0616491996404200E-19
  6.4426605793153915E-19
  8.9110784283357069E-19
 -8.1330017357263322E-19
  7.6745025437171285E-19
 -6.7991910539332967E-19
 -3.2163159886789885E-20
 -2.3167064276206974E-19
  4.5755922113591982E-19
 -1.7059074110019382E-18
  5.6459934566016076E-19
 -3.2288138891986337E-19
  1.4946080586380645E-18
 -1.5381807550099518E-18
  2.4261619725963237E-18
 -2.7018140479253467E-18
  8.3914935301707431E-19
  4.0135796410409884E-19
  5.9541568812520941E-19
