                     128
                  0.7000
                  0.0000
  7.2318802644914482E-01
  8.0190187204257191E-01
 -3.2309955105771748E-01
  1.6287178836371874E-01
 -8.9512066098081058E-02
  5.1455386477760379E-02
 -3.0427505539224162E-02
  1.8363970530225860E-02
 -1.1262677364154294E-02
  6.9995691200170585E-03
 -4.3990616869799739E-03
  2.7912351048677091E-03
 -1.7856387371746061E-03
  1.1504325050970096E-03
 -7.4574101470179389E-04
  4.8599288435790367E-04
 -3.1819864146322570E-04
  2.0919498124143460E-04
 -1.3803368945912355E-04
  9.1375069627473964E-05
 -6.0664259139401100E-05
  4.0380866510386945E-05
 -2.6943153826603229E-05
  1.8015995504487336E-05
 -1.2070469211947888E-05
  8.1016818421492284E-06
 -5.4468940947328549E-06
  3.6676691434713895E-06
 -2.4731458425445094E-06
  1.6698743504849092E-06
 -1.1288936037450653E-06
  7.6405033281200110E-07
 -5.1767676040012991E-07
  3.5110264993668883E-07
 -2.3835370579272290E-07
  1.6195636356751744E-07
 -1.1013882325316674E-07
  7.4959896900155926E-08
 -5.1055803919670540E-08
  3.4799400521274308E-08
 -2.3735213144395456E-08
  1.6199240118529756E-08
 -1.1062741146111721E-08
  7.5593575794619986E-09
 -5.1683196083226245E-09
  3.5354546305219613E-09
 -2.4197050374294456E-09
  1.6568810304637890E-09
 -1.1350710514705276E-09
  7.7794561299139516E-10
 -5.3341109043598531E-10
  3.6589298560004625E-10
 -2.5108364138264564E-10
  1.7236476589449959E-10
 -1.1836904093062610E-10
  8.1317025980519366E-11
 -5.5882141341629335E-11
  3.8415596520001107E-11
 -2.6416795747594747E-11
  1.8171301270863570E-11
 -1.2503189116973733E-11
  8.6055818748695587E-12
 -5.9246166700451243E-12
  4.0799711675038695E-12
 -2.8103911631235229E-12
  1.9363581740900850E-12
 -1.3344755240654703E-12
  9.1989467003238915E-13
 -6.3425653323315641E-13
  4.3741003923173187E-13
 -3.0172223987349968E-13
  2.0816943900412994E-13
 -1.4365232572457776E-13
  9.9151255246809378E-14
 -6.8448886154090460E-14
  4.7262990313817416E-14
 -3.2639912611931007E-14
  2.2545250919799010E-14
 -1.5575137792582887E-14
  1.0761966577625954E-14
 -7.4371777407814514E-15
  5.1403183159644615E-15
 -3.5543562754486728E-15
  2.4585641570400695E-15
 -1.7014292764928493E-15
  1.1782425451266273E-15
 -8.1713625791027362E-16
  5.6701043800427947E-16
 -3.9330882385386083E-16
  2.7260189993242463E-16
 -1.8896441350929387E-16
  1.3087925625543370E-16
 -9.0193093862383136E-17
  6.0766863927294871E-17
 -4.0594919748812284E-17
  2.6632613560122565E-17
 -1.7039327119195135E-17
  1.0361804517474764E-17
 -6.2891489979501733E-18
  4.6669309584166777E-18
 -2.6741773496135540E-18
  8.7994437581667513E-19
  4.0966813396605880E-19
 -8.9745251347961307E-19
  1.8932441397207736E-19
  5.9245598804693038E-19
 -7.1193705478380111E-19
  8.0610024001455029E-20
  6.0861470552819152E-19
 -1.4077965082872924E-18
  1.8412853731313179E-18
 -1.5070879205177663E-18
  1.4878057893277783E-18
 -1.2691016681273267E-18
  6.2943630106794870E-19
  4.7955122578724538E-20
 -2.1811408951173619E-19
  6.3217426640992832E-19
 -4.8540526477704809E-19
  8.2780288850887157E-20
 -8.0252837828807662E-20
  4.1093012255029857E-19
 -9.4387232087255401E-19
  1.5855373206220569E-18
 -9.6051499918131993E-19
  5.9103501721706878E-19
 -3.0978443368305748E-19
  1.4291509147616181E-19
