                     256
                  0.9850
                  0.8400
  2.0784904094660181E+01
  6.4134765026123389E+01
 -4.7247988414767255E+00
  1.5632281876775993E+01
 -2.4809514719935661E+00
  6.7555992232713411E+00
 -1.3681681364077509E+00
  3.4073669914765854E+00
 -7.6173163502651942E-01
  1.8415533965008866E+00
 -4.2600004914057321E-01
  1.0368583178696487E+00
 -2.4057747657243678E-01
  6.0171796408013623E-01
 -1.3832399418398147E-01
  3.5824531267087639E-01
 -8.1547541746390978E-02
  2.1816705912312778E-01
 -4.9464982708630763E-02
  1.3550800132420235E-01
 -3.0842710326350931E-02
  8.5573613235133641E-02
 -1.9681953392138254E-02
  5.4765910480632493E-02
 -1.2777531036893617E-02
  3.5413722031606538E-02
 -8.3899023964234803E-03
  2.3079288798962285E-02
 -5.5460537819740086E-03
  1.5129098704932408E-02
 -3.6793822448233961E-03
  9.9619194495823155E-03
 -2.4455827063287403E-03
  6.5830435097464562E-03
 -1.6275179265890752E-03
  4.3635863731344869E-03
 -1.0845088113934670E-03
  2.9005836259927103E-03
 -7.2393146039000924E-04
  1.9333424610437837E-03
 -4.8435261967036332E-04
  1.2921026478973359E-03
 -3.2496348680632306E-04
  8.6583068852803217E-04
 -2.1869599249124607E-04
  5.8167910841187354E-04
 -1.4763917378865060E-04
  3.9173580068203954E-04
 -9.9963444318193611E-05
  2.6441538248389628E-04
 -6.7859613757304706E-05
  1.7884390640816313E-04
 -4.6166196947756075E-05
  1.2118820491631057E-04
 -3.1461861810960265E-05
  8.2253233431177355E-05
 -2.1469269123083902E-05
  5.5907389347603527E-05
 -1.4665096163094947E-05
  3.8048712688268175E-05
 -1.0025238084636910E-05
  2.5924562009176150E-05
 -6.8580076154511056E-06
  1.7682524680886596E-05
 -4.6944296881197252E-06
  1.2072889577407890E-05
 -3.2156088166266942E-06
  8.2507549619090682E-06
 -2.2042789885554379E-06
  5.6438848097730655E-06
 -1.5122468737831381E-06
  3.8641410363161120E-06
 -1.0383765761474270E-06
  2.6479272292916276E-06
 -7.1363185839608995E-07
  1.8160311250826759E-06
 -4.9088240830103272E-07
  1.2464882016387735E-06
 -3.3794635003247575E-07
  8.5621345386843815E-07
 -2.3284007432519232E-07
  5.8855220561973601E-07
 -1.6053648270176659E-07
  4.0483394799114748E-07
 -1.1075426660214636E-07
  2.7863695428898215E-07
 -7.6451299079968791E-08
  1.9189032425922693E-07
 -5.2798207395047786E-08
  1.3222242726824918E-07
 -3.6478961783796872E-08
  9.1155431812789483E-08
 -2.5213955050326054E-08
  6.2874632333994793E-08
 -1.7434410709899816E-08
  4.3388628315565439E-08
 -1.2059762650607324E-08
  2.9955558072457698E-08
 -8.3451809537053525E-09
  2.0690653236439902E-08
 -5.7769634543076697E-09
  1.4297522249677475E-08
 -4.0006556083711687E-09
  9.8839716061279511E-09
 -2.7715938215822592E-09
  6.8356570333236888E-09
 -1.9208431197226753E-09
  4.7293405771021326E-09
 -1.3317200467856715E-09
  3.2732984150667489E-09
 -9.2360404677850999E-10
  2.2663568951330751E-09
 -6.4077061026106221E-10
  1.5697184949210742E-09
 -4.4468757785735454E-10
  1.0875756105983588E-09
 -3.0869902825534720E-10
  7.5376391104718795E-10
 -2.1435645437912653E-10
  5.2256954760579060E-10
 -1.4888587371489819E-10
  3.6239412005428598E-10
 -1.0343846197046909E-10
  2.5138674514407514E-10
 -7.1881868964424566E-11
  1.7443128683287546E-10
 -4.9964666593270602E-11
  1.2106642807464243E-10
 -3.4738532000864688E-11
  8.4050006503208695E-11
 -2.4158155420463374E-11
  5.8366510715054758E-11
 -1.6804220345918750E-11
  4.0541384352518354E-11
 -1.1691560604363033E-11
  2.8166859127774296E-11
 -8.1361385701697791E-12
  1.9573891506075568E-11
 -5.6629473322305100E-12
  1.3605264522327392E-11
 -3.9421423580383067E-12
  9.4585626547792262E-12
 -2.7446169784820644E-12
  6.5769858853820843E-12
 -1.9111138554240072E-12
  4.5741596846658977E-12
 -1.3308830776075316E-12
  3.1818724913805949E-12
 -9.2700675166105263E-13
  2.2138808453836726E-12
 -6.4589286371654824E-13
  1.5407948877730093E-12
 -4.5021882833265207E-13
  1.0726544245944305E-12
 -3.1401589164125748E-13
  7.4704471953632515E-13
 -2.1924114225076830E-13
  5.2058398223385719E-13
 -1.5331294144318329E-13
  3.6299859718104922E-13
 -1.0728292352419303E-13
  2.5316002081767680E-13
 -7.5019652096157378E-14
  1.7648455608346329E-13
 -5.2393025224426563E-14
  1.2297433810662746E-13
 -3.6537693280623106E-14
  8.5684451877724099E-14
 -2.5545465301066418E-14
  5.9800848646396823E-14
 -1.8003325900097424E-14
  4.1970687820199275E-14
 -1.2973966964424747E-14
  2.9791638332524461E-14
 -9.6819818651400592E-15
  2.1443355739186993E-14
 -7.4296792003949359E-15
  1.5598406688340176E-14
 -5.7716272470155554E-15
  1.1457370409800695E-14
 -4.5596549459337791E-15
  8.5029897778093346E-15
 -3.6730679775218770E-15
  6.4672134010877002E-15
 -3.0892648951494709E-15
  5.0286218112842314E-15
 -2.6365728184548314E-15
  3.9828414273385841E-15
 -2.2339045658747413E-15
  3.0948257828399827E-15
 -1.7704590481598515E-15
  2.3217296548545853E-15
 -1.2882793005796939E-15
  1.5984998723238628E-15
 -8.0514044734241875E-16
  1.0131202044518278E-15
 -3.8840549928085069E-16
  5.3245251120695723E-16
 -4.6851263063449997E-17
  1.7344333655590108E-16
  1.8568506042981051E-16
 -1.1726736021305024E-16
  4.2053766013800964E-16
 -3.6797298202002764E-16
  6.2113753309821425E-16
 -5.4963352400191590E-16
  7.2445130056556626E-16
 -5.8420875034585813E-16
  6.4995843497573799E-16
 -5.0801222758715822E-16
  5.3027484042760506E-16
 -4.2134038290673707E-16
  4.2122442599047986E-16
 -3.7950004046475064E-16
  4.1580588331387154E-16
 -4.1471976501936403E-16
  4.6863151923568697E-16
 -5.1311780230193265E-16
  5.7646781635216545E-16
 -6.2760766753822729E-16
  7.2547190567673013E-16
 -7.9700648770514017E-16
  9.1084208314523995E-16
 -1.0084770446173140E-15
  1.1181619110657304E-15
 -1.1757159954246283E-15
  1.2503026356625054E-15
 -1.2209816389672388E-15
  1.2139460500460891E-15
 -1.1123825644951733E-15
  1.0560619578367116E-15
 -9.1718536078669239E-16
  8.4175329451182469E-16
 -6.9931906406942651E-16
  6.3625580546646132E-16
 -5.1913925802647800E-16
  4.9659122325324919E-16
 -4.3096232580680599E-16
  4.1926513662291703E-16
 -3.5857567840042170E-16
  3.4103828419383176E-16
 -2.7706870217717408E-16
  2.7136674804216690E-16
 -2.0617171187516316E-16
  2.1363368125121873E-16
 -1.4867278745494813E-16
  1.6299486628422682E-16
 -1.1453823171412415E-16
  1.4048674220739299E-16
 -1.0165338459684129E-16
  1.3565304845495144E-16
 -1.0207264149196724E-16
  1.0985760916317448E-16
 -6.0501239743546418E-17
  3.5437762122155427E-17
  1.6053227959452665E-17
