                      32
                  0.0370
      0.0000000000000000
  1.3690051261953716E-03
  1.0116819546169226E-04
 -1.8741639396589886E-06
  4.6229526583044090E-08
 -1.2828690402855864E-09
  3.7972906589295511E-11
 -1.1708459635194148E-12
  3.7144514644906590E-14
 -1.2057314475083035E-15
  3.5893785739567538E-17
  3.5533025555645716E-18
 -5.0474828596261756E-19
 -6.5537421429478402E-19
 -9.0548788932756800E-19
 -5.5668507205979906E-18
  2.5012893775917959E-18
 -2.7320558225889124E-18
  1.2919259373460616E-18
  1.8110764949734286E-19
 -1.6741305621759034E-18
  1.0736674913657579E-18
 -1.2379080256492930E-18
 -2.7207295853115933E-19
  1.9138745577537718E-18
 -2.1839170410956202E-19
  6.2676652391173075E-19
 -6.7005169590709539E-19
  7.8772296874677933E-19
  1.9598864544175545E-19
  1.3797802508907505E-18
 -1.3677900859764727E-18
  1.1027170238534394E-18
