                     128
                  0.0500
      0.0000000000000000
  2.5000311916353901E-03
  2.4938225187647701E-04
 -6.2500328068519789E-06
  2.0833666243054630E-07
 -7.8126186989336759E-09
  3.1250459103475764E-10
 -1.3021021474896488E-11
  5.5804475299632922E-13
 -2.4415575741470528E-14
  1.0861829425148198E-15
 -4.7517426040504201E-17
 -6.5998455308834714E-19
  8.0385339264912865E-19
 -2.0242962044588215E-18
  6.1063064952873114E-19
 -1.9846795643227698E-18
 -2.2599592837083490E-19
 -1.9668374134568765E-18
  1.4115132337977302E-18
 -1.2152525126831907E-18
  1.0184928022197297E-18
 -1.3377347618232627E-18
 -8.4232934405359253E-19
 -1.1249900409881475E-19
 -4.0607089251365606E-19
  3.7514228156916963E-19
  7.2950224521272856E-19
 -5.8220237548675459E-19
 -5.2917235975898838E-19
  6.3338220841492778E-19
  2.6418218038295068E-19
 -5.8298575290341424E-19
  1.0946116528054726E-18
 -3.7436367822614255E-19
 -2.0139577680923843E-20
 -2.2999360179154467E-20
  4.6038253958703760E-20
  8.8087223039950583E-19
 -8.7799858915271579E-19
 -2.9854695034191434E-21
  3.9483724210141735E-19
 -5.7894686886187483E-20
  5.5771530693320799E-19
  1.9107566837419024E-19
 -6.2131569897859617E-19
 -1.6651498007673352E-19
  4.3289087230649958E-19
  3.6332789187482531E-19
  1.1666225275406115E-19
 -2.2953831049080126E-19
 -3.1870910028904598E-19
 -1.2706493125233418E-19
 -1.0452428126084133E-19
  5.7323136775009553E-19
 -3.3079915588727563E-19
  3.6804826219560146E-19
  2.5188273365258850E-21
 -3.4280294061077729E-19
 -3.2530342198937920E-19
  5.0459326195309056E-19
 -3.5762780947213752E-19
 -1.0514913478475776E-19
  1.3573992640168996E-19
 -2.9498566963105993E-19
 -5.2829943730801290E-20
 -1.1463346647468678E-19
 -3.9362654379323830E-19
  2.2349001830263007E-19
  1.2941561158424341E-19
 -3.1695412949323451E-19
  4.4111443882804626E-19
 -8.3276571538443833E-20
 -3.2762639531329434E-19
  3.8784392596239773E-19
 -2.2303239148827883E-19
  1.0907128470803499E-19
 -4.3806343239233936E-20
  3.3189300490211387E-19
 -1.2956621293138353E-19
 -1.6115195497409703E-22
 -9.2525081313517664E-20
  1.3521373234107230E-19
 -2.4098469073999538E-19
 -6.1052059304295424E-20
  2.1934722767129199E-19
 -9.4384315659888963E-20
  5.5945426251380067E-19
 -1.7889644675463348E-19
 -2.3515762685430345E-20
  1.3685060867205821E-20
  3.7267866586051399E-20
  4.7487440432715414E-20
 -8.7386575417300032E-20
 -3.9183997616227650E-21
  2.9917052144220932E-19
 -3.1624092601366632E-19
  1.3345594024701781E-19
 -6.8582129363408478E-21
 -5.0004173451036919E-20
  1.6476445023676421E-21
 -1.7775690715908954E-19
 -9.5586753619770971E-20
 -6.7099116478975240E-21
 -3.2959338049318739E-19
  1.2201152054981166E-19
  3.9378789165761754E-20
  1.6339966865220418E-19
  6.1797513879318070E-21
 -3.3838375179574308E-20
  1.5062194058311082E-19
  5.4222864170223930E-20
 -4.4749109905924545E-20
 -7.5336509429075232E-20
  1.0125131448037293E-19
 -6.7302430389286315E-20
  8.8466204723170477E-20
 -1.0107755950281358E-19
 -6.5703057127573413E-20
  1.6459038509001689E-19
 -2.3563745859831977E-20
 -2.2397317208732559E-19
  3.3643427506681199E-21
  2.7165177246197922E-20
  9.6410454423490026E-20
 -5.0972284063686231E-20
 -1.5822218721465856E-19
 -1.1485290826213708E-20
  5.5796853550270780E-20
