                     128
                  0.0300
      0.0000000000000000
  9.0000145701723633E-04
  5.3951603717418971E-05
 -8.1000054830505738E-07
  1.6200033638280920E-08
 -3.6450071530738684E-10
  8.7480210807126930E-12
 -2.1869934663335902E-13
  5.6233215890015756E-15
 -1.4838403348266894E-16
  8.2794408358930895E-18
  4.8999946592805938E-19
 -1.5445593624066309E-18
  3.9052419207931199E-19
  1.1048082469347010E-18
 -9.9366200667656127E-19
 -9.4283933151840786E-19
  4.1651678807022022E-19
 -8.1858753467171787E-19
 -5.3911791815877467E-19
 -1.4079132067250592E-19
  1.1224160650316113E-18
 -1.0103814607457384E-18
 -2.5907230674666271E-19
 -2.1177512568962054E-19
  1.2334457187549559E-19
 -3.5278105296055098E-19
  1.1178254914182549E-19
  3.1181397593225298E-19
 -1.2809535646105224E-19
 -3.5873236601510853E-19
  7.4338198647102792E-19
 -2.7767846963696945E-19
 -3.0012665334378032E-19
 -2.5831407428496618E-19
  5.7377943770611438E-19
 -3.0605675808457231E-19
  3.5984472543020745E-19
 -1.3080487706366146E-19
  1.1750139366105582E-19
 -6.5950894747923644E-20
  2.5498098174335141E-19
 -1.6680965643187915E-20
 -7.9803671025623140E-20
 -1.1465211554055239E-19
 -1.5156724527385283E-19
  1.2477707819801366E-19
 -1.3812533848705952E-19
  3.2933858370961884E-19
  7.9590466391830157E-20
 -2.5592926605390755E-19
  2.2114885320935929E-19
  2.2601650385847856E-19
 -6.0062801217826374E-19
  1.7229654211736877E-20
 -1.3530177364432663E-20
  1.1638178713157521E-19
 -1.1643812457059965E-19
 -3.3737205830663965E-20
 -7.5347083688286633E-20
 -3.7745819315359418E-19
 -1.9799782264636884E-19
  5.2389549261830114E-19
 -5.6093974766956368E-20
 -4.6705102165422592E-19
  1.2760830723716063E-19
 -2.4025343192516725E-19
 -1.2466300060868735E-19
 -2.4487722315295934E-19
  1.8187808639058515E-20
  1.2486986531978203E-19
 -1.1696834366625718E-19
  3.7334053507405531E-19
 -4.9492586171853215E-19
  1.2256819039914058E-19
  1.3243254427043435E-19
  1.6946917241535999E-19
  2.6028729187380298E-19
  1.8597286411015927E-19
 -3.8819681125659228E-19
  2.9312939865620166E-19
 -1.0752627140637740E-19
  6.3214128348903566E-20
  1.5425382267039173E-19
  4.3207016129303451E-20
 -2.2188352055530192E-19
  2.5562489544374415E-19
 -5.1167358019702334E-20
 -1.3757319504572174E-19
 -2.3752629066878761E-20
  2.4240486498246015E-20
 -2.8306900683208238E-20
  1.4339235054778267E-19
 -2.1974754538955074E-20
 -3.0497058071559558E-19
  1.3338679596436283E-19
 -2.8704837940733505E-20
 -3.7899755654857540E-21
 -1.3670843747899632E-20
 -8.1909515926425935E-20
  1.4766547501210693E-19
 -1.3746389046398272E-19
  1.8095658970156513E-19
 -1.0264356878575482E-19
  2.3362299466003538E-19
 -1.0755990458244223E-19
  1.2534852567907521E-20
 -2.6306262557276186E-22
 -1.6295582503509622E-19
  1.4522004912457120E-19
 -1.5960397586483046E-20
 -1.3585648942066316E-19
  4.1901008962435800E-20
  1.0568836637326295E-19
 -3.3621516098922465E-20
 -1.1730180625891951E-19
 -9.6185662180965867E-20
 -1.3484481551192703E-19
 -1.5867353814904144E-19
  1.4642595768240315E-19
 -4.6463657623706833E-20
 -3.6167615896240362E-21
  3.8307825859967191E-20
 -1.7563296819041495E-19
  5.8296760685228508E-20
 -1.7572820960225592E-19
  3.1049364015832987E-20
 -1.6210039784499480E-19
  7.7902574843786705E-20
