                     128
                  0.1022
      0.0000000000000000
  1.0456307089963743E-02
  2.1164643345478362E-03
 -1.0929721285449710E-04
  7.4514186858078308E-06
 -5.7139629730192972E-07
  4.6737519547285424E-08
 -3.9822074787252708E-09
  3.4899344939152528E-10
 -3.1222379816515986E-11
  2.8376204763285705E-12
 -2.6111792316091226E-13
  2.4272789686788183E-14
 -2.2761672471684711E-15
  2.1455673190735341E-16
 -2.1002378645626845E-17
  1.5230632527601537E-18
 -6.5060146062483806E-19
 -8.0116808365615932E-19
  2.1222083241503821E-18
  1.7832163009049977E-20
  4.8010424940060486E-19
  5.2347718344326990E-20
 -7.9165682404085130E-19
  1.9067914834753763E-18
 -2.1223986819379514E-18
  4.5771354463497398E-19
  1.0949576438103178E-18
  9.1550356289058683E-19
 -1.1275890878587355E-18
  1.3132802298219723E-18
 -1.1513793472423865E-18
 -5.5631630053123817E-19
  4.1254850520288591E-19
 -2.4883980894332094E-19
 -2.6743941093101471E-19
  3.5738296057713284E-19
 -1.1830588105022245E-19
  1.2842017828139601E-20
 -9.5066738106563568E-19
  6.8594024763617843E-19
 -4.6849895347741495E-19
  2.4089480746359645E-19
 -3.7292635515985365E-19
  2.9265927431478846E-19
 -2.6129868763877026E-19
  5.2448360914426085E-19
 -5.7235677231309141E-20
  4.4248965000851292E-19
 -2.9472449346776124E-19
  7.8056988215039104E-19
 -8.2559087105887797E-19
  6.0062854283539950E-19
 -2.4046388698847634E-19
 -1.6362051541194666E-20
  2.5690575694431563E-19
  9.7660025391483206E-20
  2.2679309842686575E-19
 -4.9021958375347634E-19
  7.9528823853985409E-19
 -5.3714589108101974E-19
 -7.0241549917473763E-19
  4.7390159975844612E-19
 -2.8159419258436348E-19
 -5.1781445093545122E-19
 -1.5369305789780586E-20
 -1.6468336116919705E-19
 -5.5419266532924136E-19
  7.2988898685889980E-19
  1.5776733436001160E-19
 -1.3629458810102935E-19
  3.5887767936518997E-20
 -2.1228412026272703E-19
 -1.5998123154147803E-19
 -1.0689912013378681E-19
 -4.9247782437276995E-21
  1.4857304375768783E-22
  1.5371877572985128E-19
 -5.6150481209556166E-19
  2.9549839505804216E-19
 -4.9662783887661748E-19
 -1.3263281624646610E-19
  3.8459080063165982E-19
 -7.3718803961744411E-21
  1.2485130305500759E-20
  7.6353767454900343E-21
 -2.1950321254931296E-19
 -9.7591768415894033E-20
  8.4572944783932867E-20
  1.0367345947865122E-19
  1.1701302718386577E-19
  3.6059816130857384E-19
 -9.5885991619386051E-20
 -1.0860627994444821E-19
  6.6450992459988971E-20
 -1.0721815131345881E-19
  2.5597043232880098E-20
  1.7965494074210933E-19
  1.5590451715886796E-19
 -2.4607963597528716E-20
 -2.2387615764700733E-19
 -1.6810466157288767E-19
 -1.5150953414009546E-19
  1.3961504954682122E-19
 -2.4596350811362306E-20
 -9.1333296312332457E-20
 -1.0475814481859292E-19
  2.1431274125835389E-19
 -3.0120335573863858E-19
  3.3903477903159391E-19
  4.0608371841321302E-20
 -7.8016190767753438E-21
  9.4527074735772178E-20
 -4.5530167220534167E-20
 -1.2571482872623425E-20
  7.5646156719877826E-20
  6.6474671174368409E-20
  9.1050239744424695E-20
 -1.2036727451013448E-19
  1.5258742256000979E-19
 -1.5837254270874787E-19
  1.2223925994427526E-19
 -7.6446612089667185E-20
 -3.8811872037822491E-20
 -1.1712695498569316E-19
 -1.4287703089329940E-19
  2.4901799310624702E-19
 -2.6700783111318003E-20
 -8.6117793837570669E-20
