                     128
                  0.0903
      0.0000000000000000
  8.1526894886920637E-03
  1.4604072122020154E-03
 -6.6452560395573973E-05
  4.0002830472804988E-06
 -2.7087604291127922E-07
  1.9565007704506114E-08
 -1.4720378082753629E-09
  1.1391811377382854E-10
 -8.9995690451962743E-12
  7.2225250479652624E-13
 -5.8685793981495330E-14
  4.8167944348523370E-15
 -3.9784747295697308E-16
  3.2995925035954056E-17
 -2.7664699214951526E-18
 -2.7510015473469391E-18
  2.1687948890816043E-18
 -5.9398932978322367E-19
  7.6208629753071125E-20
 -1.3967650052947469E-18
  9.6403918529630326E-19
 -2.1095200320882371E-19
  7.4254513235794854E-19
 -9.9159453588139449E-20
  5.8389857949764588E-20
  2.7190750824516428E-19
  1.1604291162610488E-19
 -1.5840617507974050E-19
  9.7284896018993787E-19
  5.6241336045011312E-19
 -5.0644629970811070E-19
  5.5001675960471708E-19
  4.8428332978925305E-19
 -8.6213328073055358E-19
  8.9171288641569756E-19
  3.9572793900146948E-20
  2.6706465066958647E-19
  2.5530116323244304E-19
 -4.2100323654650927E-19
  1.3552593122974138E-19
 -1.8286613409606484E-19
  7.4924945594974651E-19
 -2.7503882083270197E-19
  2.1059914171889318E-20
 -1.7132750044538881E-19
  2.8618295641093870E-19
 -8.0436159833667299E-19
  7.5924094261232761E-20
 -4.4021471307154189E-19
  2.6567018248327400E-19
  2.9738975167662553E-19
  1.8661216736413834E-19
 -3.9067166354152213E-19
  4.6627204718392063E-19
 -3.2752968472303064E-19
  2.0441355131613266E-19
  7.4424423230555713E-20
 -3.2723170431315311E-20
  4.3612090486811463E-19
 -8.4318621151227342E-19
  7.8259239392571167E-19
 -8.3101837097695405E-19
  4.8873345292355920E-19
 -2.7073938969931601E-19
  8.1204126820509795E-20
 -1.3768302766057291E-19
  9.3599167469278599E-20
 -1.6704416874255346E-19
  1.7973230363440235E-19
 -5.6650200723931520E-19
  1.0648953357808025E-19
  3.8093359007475841E-20
 -1.1839651049157488E-19
  2.6709366046341450E-20
  7.1925383914169241E-20
  1.1998379449223446E-20
  4.2227599345764677E-19
 -2.1443511994964063E-19
  3.0386598213684036E-19
 -6.9269636252894631E-21
  3.5015367195516417E-19
 -6.6011159472218291E-20
 -5.8560854670844647E-20
 -2.0825645899145905E-20
  8.1872286642069448E-20
  3.1710136170324541E-19
 -1.7099933739021976E-19
 -2.4426101660368380E-19
  3.1383059004427829E-19
 -1.8510105890761761E-19
 -3.5432975117436427E-20
  1.5490218057758285E-19
 -8.6387028583332979E-20
 -1.5549813425086467E-19
  1.6368666864580653E-20
  7.3849366038724236E-20
  1.7430244551169367E-19
 -6.7113398697936822E-20
  1.3759248080131077E-19
 -4.3597451432119671E-20
 -1.4182538696444465E-19
 -1.5314819147290068E-20
  3.5541254551647075E-21
 -2.7688333795651329E-20
  3.5143481643629022E-19
  2.9799800489023832E-20
 -3.1948714061014281E-19
 -3.0069766218428648E-21
 -1.2218039665055345E-19
 -8.3593472328531929E-20
  1.3563514362928117E-19
  3.3095788575902546E-20
 -8.4894567730060782E-20
 -2.2125053087410957E-19
  6.0628561796441863E-20
 -2.3378000885315314E-20
 -2.2983548390492360E-19
  3.3015775046912885E-19
 -8.7833620515558315E-20
 -1.8771078994440052E-19
  2.2523415213947380E-19
 -2.6829558532250952E-19
  8.8074608066099091E-21
 -1.2636495963399596E-20
 -1.8100401617299535E-19
 -4.4452119434903664E-20
  2.2324782196809680E-19
  3.3393462478530514E-20
