                     256
                  0.8700
      0.5826991707760438
  2.1493741480849042E+00
  4.2281386638658320E+00
 -3.5260838274050110E-01
  5.1391036121542544E-01
 -7.2136703525469054E-02
  1.0170781537753273E-01
 -1.5690460199265656E-02
  2.3731654162562326E-02
 -3.8401300112584644E-03
  6.0982499485019975E-03
 -1.0189877224914185E-03
  1.6614755830134480E-03
 -2.8463619395858666E-04
  4.7054579272220038E-04
 -8.2341681203487027E-05
  1.3698226323435717E-04
 -2.4431678394682647E-05
  4.0704127517854114E-05
 -7.3876144118830345E-06
  1.2287742892211033E-05
 -2.2661792441607238E-06
  3.7558670815674009E-06
 -7.0287226183799155E-07
  1.1595453903659049E-06
 -2.1987972587200130E-07
  3.6091924811899717E-07
 -6.9253378398125959E-08
  1.1310374050055763E-07
 -2.1932106662614398E-08
  3.5647694407138851E-08
 -6.9775294675397365E-09
  1.1290738341537107E-08
 -2.2285431438722816E-09
  3.5915077217327200E-09
 -7.1422816280227036E-10
  1.1467779385729751E-09
 -2.2961629730907260E-10
  3.6741422322869759E-10
 -7.4029612427247767E-11
  1.1807628015982804E-10
 -2.3930524011108374E-11
  3.8051971880748119E-11
 -7.7546297961308186E-12
  1.2293993762035425E-11
 -2.5185580127191388E-12
  3.9811962914372245E-12
 -8.1967922192907406E-13
  1.2919634746918230E-12
 -2.6726872812184825E-13
  4.2006545484836674E-13
 -8.7279120853902729E-14
  1.3680971647070573E-13
 -2.8547311695733048E-14
  4.4639264551464146E-14
 -9.3592022108631423E-15
  1.4596426682715750E-14
 -3.0759010409362710E-15
  4.7785919452992669E-15
 -1.0157586995294480E-15
  1.5707387832572500E-15
 -3.4688443795915261E-16
  5.2484916675675132E-16
 -1.1378801765515724E-16
  1.7405731741440453E-16
 -4.3593398602861930E-17
  6.0476290201747036E-17
 -1.8723408866601655E-17
  1.5694176779961608E-17
 -3.7561137666033044E-18
  1.7435165502391079E-19
  2.2266673523440013E-19
 -2.5118314335161172E-18
  1.0981063071721256E-17
 -1.9717595608576389E-17
  2.3143748906033413E-17
 -2.3179052771594070E-17
  2.1414528014607739E-17
 -1.5783878174747487E-17
  8.0097958621807590E-18
 -2.9743501805908978E-18
  6.7629472163107168E-18
 -1.2063904832199765E-17
  1.7521432329469498E-17
 -2.1037644836412457E-17
  1.8510396411280061E-17
 -1.9703504251007529E-17
  2.0066050903070022E-17
 -2.4228888993639929E-17
  2.6962296201579731E-17
 -2.4776864580943322E-17
  1.6391776347493083E-17
 -4.8742460727355305E-18
 -2.6445401102972474E-18
  7.1077173812842140E-18
 -1.0701686531319364E-17
  8.0876002898610817E-18
 -9.1364792429528887E-18
  6.3888695335045422E-18
 -7.0222876439189584E-18
  8.0082550090373997E-18
 -1.0827660563685953E-17
  1.3535482412650266E-17
 -1.5692024882930892E-17
  1.8850331646454897E-17
 -1.8918662246792913E-17
  1.7832749931823127E-17
 -1.1596215149667669E-17
  2.1390050737587125E-18
  2.6080834725591926E-18
 -5.1824879115958016E-18
  1.3143845732323402E-19
  4.9987671743085043E-18
 -1.2512604632422559E-17
  1.5175911336674549E-17
 -1.8004635937047197E-17
  1.7151704464311923E-17
 -1.3998626578988614E-17
  1.2014679547324845E-17
 -8.4934903702005489E-18
  9.8730301829707870E-18
 -9.3291173680377352E-18
  8.2826417409961698E-18
 -3.2417005893526077E-18
  9.9780019217073141E-19
  5.2742348032716494E-18
 -9.4482157782517298E-18
  1.3913249735433322E-17
 -1.5682610879486400E-17
  1.4140669918303900E-17
 -1.2862371943108757E-17
  1.1719741697978840E-17
 -6.1937579303180002E-18
  2.1868634365822130E-18
  6.8752450506462316E-19
 -1.2683727099081436E-18
  2.1036671133205625E-18
 -1.5817324929084391E-20
 -1.5771721902114574E-18
  3.7025719633056670E-18
 -5.5641910282964289E-18
  9.7014533070619597E-18
 -1.1797792938527716E-17
  1.2675167814205848E-17
 -1.2829551956659313E-17
  1.5141362004462027E-17
 -1.8208984642337980E-17
  1.7652860022042007E-17
 -1.4222824791617326E-17
  8.4824086094148320E-18
 -3.2372511477641517E-18
 -4.3649967516861888E-19
  3.5171795008839372E-18
 -7.1214772749604043E-18
  9.7985635928127331E-18
 -1.2961669636296312E-17
  1.5901477485080692E-17
 -1.6749238513427082E-17
  1.5326153289165997E-17
 -1.1651769719114518E-17
  1.1869143302093946E-17
 -8.2459509020678443E-18
  7.6242583373589307E-18
 -2.7334136920347532E-18
 -5.3550570446827691E-19
  4.1878562882231744E-18
 -3.5745327966146925E-18
  8.0453860238748353E-19
  5.2445559200590234E-20
 -3.2072401048991940E-18
  5.3005272003998250E-18
 -7.6491235204987314E-18
  9.5224586313184727E-18
 -1.0460372310104299E-17
  1.0386455903000146E-17
 -1.0673022774177652E-17
  1.2531555826219477E-17
 -1.0962437268593594E-17
  9.4945337832381873E-18
 -5.0683333712307170E-18
 -9.1724731180900169E-19
  5.8555945221785958E-18
 -9.1783090988259876E-18
  1.1107713724115004E-17
 -1.2899304384663213E-17
  1.2895762240815321E-17
 -1.1256084157076666E-17
  7.8196710877879209E-18
 -3.9120813328474423E-18
  3.3662680745581536E-18
 -1.6114209206619152E-18
  4.0437609970599479E-19
  1.4461624345045309E-18
 -2.0946142116435605E-18
  2.6101571344740436E-18
 -9.3451732407596587E-19
  1.9264289467680113E-18
 -3.5423217917170190E-18
  6.2659693440385273E-18
 -7.8374958265877507E-18
  8.3084000277445027E-18
 -9.1695871447839787E-18
  6.3463863050643583E-18
 -3.2293817172681504E-18
  8.1531302199596560E-19
  2.0523329957399088E-18
 -3.6634945314290953E-18
  3.3101703031438434E-18
  1.8606488499136606E-19
 -4.4763560721865223E-18
  7.5566957206443234E-18
 -7.8295677158996095E-18
  6.3276261929370801E-18
 -4.0177306540413639E-18
  2.0375208258135243E-18
 -1.4420676392741030E-19
 -2.0804276530866764E-18
  5.7179885742831998E-18
 -8.4848690392118966E-18
  1.1670740360716050E-17
 -1.4873749595547878E-17
  1.5185482291362894E-17
 -1.3545255079619545E-17
  9.7606173796617543E-18
 -7.4717981467892882E-18
  6.0395834732411180E-18
 -3.9881097634144686E-18
  5.3556001255710786E-19
  1.3487742198462312E-18
 -2.9085103915519224E-18
  1.4562222554088989E-18
  2.6639124467998043E-19
 -2.3625201547953884E-18
  2.9696258542860748E-18
 -4.3723927783953618E-18
  3.8005986247313895E-18
 -3.0212666184555700E-18
  7.4128709766450562E-19
 -6.8225320903713469E-19
 -2.2402815321706010E-18
  2.8744779825269528E-18
 -1.9050716906879566E-18
  9.4478020735899716E-19
  1.8890072239848477E-18
 -4.2902303564339638E-18
  6.5045030075293480E-18
 -8.4464075447969720E-18
  8.9366401154132389E-18
 -1.0868253592541085E-17
  1.1029520026529891E-17
 -8.8139595555019283E-18
  8.2867919663603384E-18
 -7.1627168920925833E-18
  6.0685281982569671E-18
 -4.4069871236218339E-18
  3.2924841162821767E-18
 -5.8535192589115436E-19
