                     256
                  0.8500
      0.5567262498321920
  1.8167333258212448E+00
  3.3972233563714744E+00
 -2.7636649200499558E-01
  3.7573379196123513E-01
 -4.9991779697397203E-02
  6.7459428525722259E-02
 -9.8999321397827359E-03
  1.4413731307157871E-02
 -2.2358828629193985E-03
  3.3916950118265139E-03
 -5.4539999276878982E-04
  8.4512188353840650E-04
 -1.3958081393861889E-04
  2.1870649349785767E-04
 -3.6918927053237481E-05
  5.8146723888012408E-05
 -1.0003024491610697E-05
  1.5774695306058313E-05
 -2.7601360512381336E-06
  4.3469354281528048E-06
 -7.7240680864525163E-07
  1.2127878917039306E-06
 -2.1855064824322800E-07
  3.4176924828836426E-07
 -6.2381264756102094E-08
  9.7107006477190496E-08
 -1.7930938240522695E-08
  2.7780714956109576E-08
 -5.1836461911896348E-09
  7.9937737951423117E-09
 -1.5056715180244729E-09
  2.3116224758358034E-09
 -4.3911148824871938E-10
  6.7136030564991308E-10
 -1.2850995031906343E-10
  1.9572336926479540E-10
 -3.7726140108699788E-11
  5.7252701637669112E-11
 -1.1106055201915262E-11
  1.6798345531491410E-11
 -3.2778225204798264E-12
  4.9423094109183994E-12
 -9.6969567482790476E-13
  1.4577406063519247E-12
 -2.8750537973754111E-13
  4.3095964960346107E-13
 -8.5429378294392105E-14
  1.2767713569894158E-13
 -2.5428559659362070E-14
  3.7897041693247257E-14
 -7.5794487883340559E-15
  1.1265325878207187E-14
 -2.2574097545504240E-15
  3.3539914326272697E-15
 -6.7399348537642933E-16
  9.9739653413615277E-16
 -2.0131464618425146E-16
  3.0616700516097722E-16
 -7.4747543525519934E-17
  1.1041479128898749E-16
 -4.0673083104971749E-17
  5.4070002908839708E-17
 -3.0139081378332848E-17
  3.0626333902451301E-17
 -1.3583430049309719E-17
  1.8415969229634680E-18
  1.1401007729352050E-17
 -1.8716762374298851E-17
  1.8043553466074734E-17
 -1.5220982144587994E-17
  1.3654346273256472E-17
 -9.1825306516420986E-18
  8.7789465850954042E-19
  1.1567723737516223E-17
 -1.5365385069732666E-17
  1.3832869185762425E-17
 -6.4723226357170064E-18
 -1.5647271694767508E-18
  1.1164859769710250E-17
 -1.2851466058686100E-17
  1.5867154418540799E-17
 -8.5445653239347176E-18
  4.7782771962926773E-18
  1.2205950501697752E-18
 -2.6099039287465091E-18
  6.1852496942802090E-18
 -7.3267218765152250E-18
  8.2484105428657234E-18
 -1.0356705763148402E-17
  5.0631304466929402E-18
  6.1212832054312732E-20
 -9.3094800701468677E-18
  1.5534700698778581E-17
 -1.7349092490188315E-17
  1.8452850715358628E-17
 -1.6773202617676904E-17
  1.5318251132120409E-17
 -1.5680571678695728E-17
  1.6604436700736559E-17
 -1.9946732014486406E-17
  2.1139112049766929E-17
 -2.2192868343305276E-17
  2.2733414164415483E-17
 -2.4749579815163437E-17
  2.5432190957094662E-17
 -2.1236401032063439E-17
  1.9686395459873128E-17
 -1.2535122750241081E-17
  6.2655792230173822E-18
  2.1321710223959466E-19
 -2.0438194242229085E-18
  1.8216088577357048E-18
  1.0359365607824433E-18
 -8.0231863768929743E-18
  1.1701726895713147E-17
 -1.5293925348874558E-17
  1.7339911512612482E-17
 -1.9706859817333633E-17
  1.9782083588069695E-17
 -1.8705135996559231E-17
  1.6538040585029911E-17
 -1.2908639368671809E-17
  1.2044215150844925E-17
 -1.0031109770142996E-17
  9.5018968896936984E-18
 -3.2328609593450172E-18
  2.1323464789428298E-18
 -1.9851643968341841E-18
  8.3261450536246598E-19
  1.5886529594162223E-18
 -3.6730409135325599E-18
  5.7003605042134133E-18
 -5.4854990821396737E-18
  3.9006056680492355E-18
 -8.7374817099279579E-19
 -6.3340797580921478E-18
  1.2534619185015897E-17
 -1.7998399307441408E-17
  1.9903918391327895E-17
 -1.7201592909939194E-17
  1.1704880425691875E-17
 -6.1106316871771004E-18
  2.6781605291396168E-18
  1.0443471266958757E-18
 -5.0936955856522167E-18
  8.8926877045941492E-18
 -1.1676992044711540E-17
  1.1594919051543387E-17
 -9.6340062459964987E-18
  6.0792007938116052E-18
 -8.4115348611245715E-20
 -6.1420425873469613E-18
  7.8469072354020189E-18
 -6.9705954228132549E-18
  2.5684567943240190E-18
  1.3311096374706109E-18
 -6.0580670698901489E-18
  6.2270180977124553E-18
 -3.3080824864155000E-18
 -2.9479670314303643E-18
  6.0979535815486684E-18
 -8.4254592933003923E-18
  9.4484371385548778E-18
 -6.7497933506387311E-18
  7.1415603967102438E-18
 -8.2540808916169873E-18
  8.2158898091103348E-18
 -7.5464349632343995E-18
  4.5042025124195101E-18
 -9.3566723139320539E-19
 -2.2498776846066160E-18
  1.1688317843953870E-18
  7.0765840182680600E-19
 -1.4761963151906182E-19
 -2.0901276599287787E-18
  4.8902382037450135E-18
 -6.5765052047265182E-18
  4.6794118763026490E-18
 -2.0860146529756169E-18
  1.7524711383715426E-18
 -3.9030623345972817E-18
  6.1978863139305675E-18
 -5.6349943694596010E-18
  4.5594457979146219E-18
 -3.8618613011371404E-18
  1.9479885716950646E-18
 -9.5992568223667735E-19
 -3.4986464006996819E-18
  7.4107467150874600E-18
 -8.6565472788748226E-18
  7.6996971809217857E-18
 -4.8338077432243475E-18
  2.7219517642774964E-18
 -1.2596138572657226E-18
  4.9356486910531106E-19
  2.6843455768029405E-18
 -7.4981798880526885E-18
  9.6508924093349711E-18
 -1.0959332926665795E-17
  9.8690639524175233E-18
 -9.2089180843158163E-18
  8.7097760169030372E-18
 -8.0455333637490791E-18
  1.0183777206700547E-17
 -9.7634340762783848E-18
  9.5320616669408231E-18
 -7.3977979998391389E-18
  5.6867387383940379E-18
 -1.6048281801372360E-18
 -1.0910420320972256E-18
  2.4100755870092258E-18
 -3.1612386411100119E-18
  1.5158347092815878E-18
 -1.3106933317592176E-18
  1.8168585730266511E-20
  1.3237960938591954E-18
 -4.2279832842086314E-18
  7.5347645763153228E-18
 -7.8345510368049734E-18
  5.5198696621306364E-18
 -1.6859636431138104E-18
 -1.0187303350356450E-18
  2.3787402081051711E-18
 -2.0210116056163766E-18
  4.3572187242755924E-20
  1.9449198285930891E-18
 -3.8468378372148114E-18
  4.8823491424416113E-18
 -2.6695522807429393E-18
  3.4337015797090316E-19
  2.3186759508621647E-18
 -3.5280418257168881E-18
  2.4637396851826595E-18
 -2.7288772427304054E-18
  1.6055479303277069E-18
 -1.1555470069698996E-18
  1.1534420598237375E-18
 -1.3059021052437962E-18
  1.5452100745905794E-18
 -4.0613056417642313E-19
  1.7387760975728107E-18
 -1.0709077286677105E-18
  1.0987947775544717E-18
 -1.2011957763692038E-18
  2.4473582815477530E-18
 -2.9756657555725196E-18
  4.5944768857236812E-18
 -5.4314516237902963E-18
  5.7148471779021333E-18
 -3.7098148766215833E-18
  2.0796771511275131E-18
 -1.3354859555961762E-18
  7.4615443774904116E-19
 -3.8166629454269828E-19
  8.8013563909642089E-19
  7.1651488172688123E-19
