                     128
                  0.0900
      0.0000000000000000
  8.1010565077784535E-03
  1.4466288263410522E-03
 -6.5613675697316726E-05
  3.9372546876634056E-06
 -2.6576278118001715E-07
  1.9134818932370329E-08
 -1.4351062650930128E-09
  1.1070791154307132E-10
 -8.7182322023699328E-12
  6.9745701663161209E-13
 -5.6497810535624055E-14
  4.6217203591063693E-15
 -3.8024523629289893E-16
  2.8906673168639599E-17
 -1.9119717163301661E-18
 -1.7940192595748070E-18
  1.0085245731747307E-18
 -4.1605068609734035E-20
  1.2251938402742487E-18
 -1.0847890246481317E-18
  1.5795428269680300E-18
  4.5720447154515610E-20
 -1.4967469963610361E-18
 -3.3271827327354360E-19
 -4.3930106490477430E-19
 -8.9606720051896626E-19
  7.4123579219642792E-19
  1.3770368656841728E-18
 -7.9917675554867152E-19
 -1.2607394511090821E-19
  1.2011502973006571E-18
 -7.0719130670123880E-19
 -3.4289417992799550E-19
  8.6140312402887083E-20
  5.1882766084677763E-19
 -4.1774102123533555E-19
  4.4137442641738585E-19
  4.9306417770956185E-19
 -7.0282613107726740E-19
 -1.8798026824834039E-19
  4.5439684317719239E-20
  1.5030291105591903E-19
 -1.9343165623882216E-19
 -1.0142749639838955E-19
 -1.2616697162745195E-19
 -4.8782443607531271E-19
 -6.2066809687175797E-19
  2.7483805798862305E-19
 -7.6212690728860393E-19
  3.0329982113187280E-19
 -3.8073621463698229E-20
  7.1603412027809932E-19
 -4.3071068251831318E-19
  6.5660323466758619E-19
  1.8121052977211648E-19
 -3.3077604577422831E-19
 -4.5156098492496988E-20
  2.3641611790773830E-19
 -4.2423462921080578E-19
  1.9059259273176669E-19
 -6.8125981665516146E-20
 -4.3035142122376825E-19
  2.5898508349429741E-19
 -1.5840068118332521E-19
  3.3551758259514819E-21
 -2.1279457454798467E-19
 -3.9378462959749394E-19
  2.3854639032154319E-19
  1.0446604847952184E-19
  9.1671168466064374E-20
  2.4662792222724047E-19
  1.6236483061646503E-19
 -3.3823680706436568E-19
  1.8720196710305209E-19
  1.4339079648965886E-19
 -2.3599648597362180E-19
  2.1208769362345228E-19
 -4.1436208590537221E-20
  1.0639194083362108E-19
  4.8403409563966425E-21
  6.6946513155593991E-20
 -5.6737870578771696E-19
  1.6852166098482219E-19
 -1.5386627208534521E-19
 -4.0046610167609222E-20
  9.6821814721536433E-20
  1.3197319607709737E-19
 -3.4962702213183702E-19
  1.9228670822041094E-19
  1.1060537057467693E-19
  5.0986245077944395E-20
 -7.2629294796734871E-20
  2.2644122730628631E-20
  2.3861825514162424E-19
  3.7392715822704622E-20
 -2.4520111686340944E-19
  2.2463314926162480E-19
 -6.3716773931567336E-20
  1.4190463086448239E-19
  2.4689158328311225E-19
 -1.6166104819835574E-19
 -2.0892569074157542E-19
  1.9205760871239429E-19
 -2.1604222008672465E-19
  2.3158405401149022E-19
  5.8622996149350604E-20
 -6.7559136058484198E-20
  4.0864746187745530E-20
 -2.7676420507580643E-19
  1.4486251594576440E-19
  3.5545444974550714E-20
  2.1403926680316121E-19
  9.8674772735381431E-20
 -2.2182208208267561E-20
  1.6797291672455401E-19
 -3.4352491664229503E-19
  2.4955546459229202E-19
 -6.0224636320685803E-21
 -2.6137021389862721E-19
 -1.4795798037707612E-21
 -5.4076468535198284E-20
  3.9915304284610482E-20
  2.9082908601972601E-19
 -1.6605240391380338E-19
  5.9438052271644695E-20
 -1.0019362505339134E-19
  7.1924424083194500E-20
  1.4173984096591832E-20
