                     128
                  0.4603
      0.0000000000000000
  2.2910604918607302E-01
  1.8255896553047485E-01
 -4.7156764477654177E-02
  1.5011915009238212E-02
 -5.2311662110767270E-03
  1.9280916165029687E-03
 -7.3874935917678784E-04
  2.9107263206376506E-04
 -1.1709470900162788E-04
  4.7863637769853204E-05
 -1.9812819109318299E-05
  8.2853573426156227E-06
 -3.4940273789031306E-06
  1.4838972855454639E-06
 -6.3399753553055554E-07
  2.7228025347552940E-07
 -1.1746230818273565E-07
  5.0874113539076301E-08
 -2.2111296501327789E-08
  9.6401932854890809E-09
 -4.2147523638640281E-09
  1.8473715504707593E-09
 -8.1157756826111408E-10
  3.5728174164758690E-10
 -1.5758662784321860E-10
  6.9628635826307048E-11
 -3.0814604829260012E-11
  1.3657541855275713E-11
 -6.0616199636454357E-12
  2.6937857942316838E-12
 -1.1985520610190252E-12
  5.3386828375822522E-13
 -2.3805054035009330E-13
  1.0625419652580969E-13
 -4.7470452733868811E-14
  2.1225125793062974E-14
 -9.4977138333570516E-15
  4.2547355350405524E-15
 -1.9078351814496593E-15
  8.5630995048312565E-16
 -3.8457531638649521E-16
  1.7257367555982282E-16
 -7.6692985655711328E-17
  3.3910350765009755E-17
 -1.6469786535159595E-17
  8.3608631391992101E-18
 -4.1333439428138354E-18
  2.5876256083605939E-18
 -7.7507110236028777E-19
  6.4599775461176079E-19
 -2.1779828705578456E-18
  3.1197308892111226E-18
 -3.3439206242702749E-18
  3.1298969862673951E-18
 -2.9240266382698055E-18
  2.0293071503746657E-18
 -1.1434590590236552E-18
  9.3350275475679937E-19
 -7.6654695854411191E-19
  3.4045774682091088E-19
 -1.7555846986435034E-19
 -6.0467836572015473E-19
  1.0528845293195908E-18
 -1.5124954932169542E-18
  1.1316723297213324E-18
 -9.8046615899247369E-19
  1.2225939065439482E-18
 -1.1093068954146965E-18
  1.6747520889351940E-18
 -1.6680798982503937E-18
  2.0705784301213674E-19
  8.4182322370945084E-19
 -7.3510074987879474E-19
  2.6593586502014229E-19
  3.3898707800014193E-20
 -1.7408357787931827E-19
 -6.7758609193424804E-19
  7.2261390124950751E-19
 -3.8745944763466156E-19
  1.1557081165923817E-18
 -1.4292350228917350E-18
  7.1285601366503550E-19
 -8.4359271708600474E-19
  7.3060148997989536E-19
 -6.5564117542408117E-19
  1.1556591885287140E-18
 -8.0972250986224217E-19
  3.3929996910151598E-19
  9.5705625529227298E-20
  9.9624380869394839E-20
 -7.0717377045822847E-19
  4.9031984437715029E-19
 -3.2498318753458539E-20
  5.3484102147414098E-19
 -9.9333452484733592E-19
  1.5806186092172027E-18
 -2.1129377643037567E-18
  1.2924577644916744E-18
 -7.2448914364774484E-19
  7.2913431226548359E-19
 -6.7474281298863987E-19
  3.7751000202616684E-19
  4.2039827841238606E-19
 -8.2274479469489085E-19
  6.8793274461089741E-19
 -5.7337181839432772E-19
  5.2309641030871507E-19
 -7.6815309939407696E-19
  1.2127613249757914E-18
 -1.4175412204869442E-18
  1.1840461143066236E-18
 -9.9656896357260827E-19
  7.5873590646775672E-19
 -5.8824051522964401E-19
  5.2859453125770319E-19
  1.4821777911827418E-19
 -8.7449424653171483E-19
  4.1136618079807823E-19
 -4.2850835899022371E-19
  7.8610439990334094E-19
 -7.5483194914224548E-19
  7.0720254246921894E-19
 -2.7352333505117547E-21
 -6.8038945402471890E-19
  9.7621273862608444E-19
 -6.1129238801837357E-19
  5.4712247151201072E-19
 -3.0503449133587300E-19
