                     128
                  0.8000
                  0.0000
  1.2728473797578930E+00
  1.5744940860686136E+00
 -7.1898200367762732E-01
  4.1486269836169232E-01
 -2.6298092365838383E-01
  1.7508521852137285E-01
 -1.2004537354303230E-01
  8.3923978589801107E-02
 -5.9494638108695395E-02
  4.2629558475661709E-02
 -3.0811083196380044E-02
  2.2432929921662931E-02
 -1.6437607424033194E-02
  1.2113111877629519E-02
 -8.9719962984640186E-03
  6.6761971567993990E-03
 -4.9887650099449832E-03
  3.7421214796759012E-03
 -2.8168069822221997E-03
  2.1270527748767374E-03
 -1.6108747091734142E-03
  1.2232059982091553E-03
 -9.3109612531327090E-04
  7.1032821213060104E-04
 -5.4301861135062457E-04
  4.1590201627802673E-04
 -3.1909853214166317E-04
  2.4522195556557415E-04
 -1.8873121160809683E-04
  1.4545616218271539E-04
 -1.1224920273165693E-04
  8.6728110221181005E-05
 -6.7085438017746801E-05
  5.1946681694379785E-05
 -4.0264353282500367E-05
  3.1238607443704645E-05
 -2.4257579442480663E-05
  1.8852411096670087E-05
 -1.4663258820531076E-05
  1.1413538986125743E-05
 -8.8903700177093211E-06
  6.9296888504574096E-06
 -5.4049023092368079E-06
  4.2182179991795916E-06
 -3.2940107349406681E-06
  2.5737384484310404E-06
 -2.0120398172491398E-06
  1.5737347378641591E-06
 -1.2315157237046496E-06
  9.6416887273863684E-07
 -7.5520132343711254E-07
  5.9178115206852795E-07
 -4.6391773360235427E-07
  3.6382739550370521E-07
 -2.8544201600224279E-07
  2.2402801701968397E-07
 -1.7589070166969360E-07
  1.3814463487653224E-07
 -1.0853517825511080E-07
  8.5299681864316135E-08
 -6.7059445374271028E-08
  5.2735572036045023E-08
 -4.1483389774907678E-08
  3.2641311353091313E-08
 -2.5690931115866774E-08
  2.0225871945588573E-08
 -1.5927450544950633E-08
  1.2545658949745875E-08
 -9.8842934833140898E-09
  7.7893211522811988E-09
 -6.1397745190164943E-09
  4.8406223479034434E-09
 -3.8171849035529531E-09
  3.0107574509693263E-09
 -2.3751792021770155E-09
  1.8741424396930341E-09
 -1.4790813691770402E-09
  1.1675151921278603E-09
 -9.2174724146358004E-10
  7.2784331090853621E-10
 -5.7482900327105281E-10
  4.5405894735635305E-10
 -3.5872093479826854E-10
  2.8344599338934207E-10
 -2.2400169131245750E-10
  1.7705083236601668E-10
 -1.3996154560800446E-10
  1.1065779396310175E-10
 -8.7501663314913791E-11
  6.9200651681597612E-11
 -5.4734637567875145E-11
  4.3298331708968575E-11
 -3.4255921999018251E-11
  2.7105320997971654E-11
 -2.1449973226434778E-11
  1.6976620295150621E-11
 -1.3437766444043019E-11
  1.0637840910707883E-11
 -8.4222836727439788E-12
  6.6689243926032467E-12
 -5.2811811722775032E-12
  4.1826926818421349E-12
 -3.3130782116618140E-12
  2.6245841805079809E-12
 -2.0794418000445140E-12
  1.6477779390072306E-12
 -1.3059595668358515E-12
  1.0352929778881639E-12
 -8.2098990939385892E-13
  6.5134775111531307E-13
 -5.1710466818763265E-13
  4.1092530548415229E-13
 -3.2699280012367330E-13
  2.6068669347956685E-13
 -2.0832762262557649E-13
  1.6696790179183234E-13
 -1.3423866363173227E-13
  1.0822485093730176E-13
 -8.7371440270211306E-14
  7.0419734714529636E-14
 -5.6364216337898425E-14
  4.4428165634528500E-14
 -3.4055251784771234E-14
  2.4910186589414117E-14
 -1.6875368333694351E-14
  1.0046052980199922E-14
 -4.6964475177848080E-15
  1.2165146717696249E-15
