                      32
                  0.0350
      0.0000000000000000
  1.2250036731599042E-03
  8.5645555139263061E-05
 -1.5006268838063918E-06
  3.5014717950769369E-08
 -9.1913616283257211E-10
  2.5735806273048707E-11
 -7.5061449545179914E-13
  2.2515513564936453E-14
 -6.9660619159087152E-16
  2.5414568761387330E-17
  1.5511796682081884E-18
 -2.5059273755453754E-18
 -5.3243774971608212E-19
  5.5879676166379932E-20
  4.3866625747643190E-18
 -3.7547529728855546E-19
 -1.4731802174905602E-18
  3.9623036127015006E-18
 -1.9566772782072621E-18
  1.2200106847613902E-18
 -2.7627876353423113E-18
 -2.0469363751080335E-19
  1.8819444925793378E-18
  1.9320199344248700E-18
 -2.1496029623291448E-18
  1.6743101165189956E-18
  1.1625927142232564E-18
  1.1369166197582930E-18
  1.3960532725462703E-19
 -1.0241546754926029E-18
  7.6970070177771908E-19
 -8.7341815538582229E-19
