                     128
                  0.0600
      0.0000000000000000
  3.6000930614797115E-03
  4.3047072261197250E-04
 -1.2960141536676981E-05
  5.1841714813854583E-07
 -2.3328734585862886E-08
  1.1197780840667586E-09
 -5.5988861291412208E-11
  2.8794228844928898E-12
 -1.5116955412439854E-13
  8.0639359542118773E-15
 -4.3632715793494862E-16
  2.4979984537295631E-17
 -1.5171446530928034E-18
 -3.7595505787278275E-18
  8.3100862901843615E-19
  2.5338210605923483E-19
 -6.7413816156288657E-19
 -1.0510811146963911E-19
  1.5153099537398286E-18
  7.9275546567960502E-19
 -2.0189588029782575E-19
  1.8064860926740705E-18
 -1.8640745769285053E-18
  1.3717009457556701E-18
 -1.2971584921029264E-18
  6.7125120616281322E-19
  7.6439461665732742E-19
 -2.0913169465076973E-19
  1.3407592730291106E-19
 -1.6874572552129788E-19
 -6.9330601184726441E-19
 -7.4490714953220093E-19
  5.4295716330671680E-19
 -7.2830142448629952E-19
 -3.1798254283025330E-19
 -4.3095687770866006E-19
  3.8237706271475179E-19
 -5.6372688964769934E-20
 -7.4332326845191007E-19
  6.0987264065626162E-19
 -4.2115208869333487E-19
  7.0598057101217480E-19
 -3.9917440938211212E-19
  4.1551907600343677E-19
  1.2687713995349300E-19
 -6.0528286761253925E-19
  5.5791401519497446E-19
  6.0275084452542596E-19
 -1.4760719708778135E-19
  5.9360676201768734E-19
 -2.6877881003838892E-19
 -3.1957246404409859E-19
  3.6522867193907475E-19
  4.1297335273080210E-19
 -5.9505118919446134E-20
  2.3045546845837658E-21
  6.9607860013468840E-19
  2.6761614894196348E-19
 -3.4300312383362547E-19
  3.4822649296619900E-20
  1.9304033064702164E-19
 -6.3200541248070355E-20
 -3.2536997937517176E-19
  2.4845297282243304E-19
 -5.5475720891420024E-19
  1.0445028833046237E-19
 -4.0109915581056620E-19
 -9.3419306709790017E-20
 -2.5953517799977191E-19
  3.4858788816436862E-19
  1.1107697938029843E-19
  5.7231165107445488E-20
  1.4734375417503991E-19
 -8.0904520767584939E-20
  1.6403596275909814E-19
 -1.9205260475220511E-19
 -2.3432123082490910E-19
 -3.4562036496301772E-21
 -1.4771745060955707E-19
 -1.1114976521101825E-20
 -2.3398341904331196E-20
 -2.3958775166950193E-19
  6.1240888928804806E-20
  1.6475084191243225E-20
  6.9299370021055460E-20
 -8.0293145408274898E-20
  1.8829956646183965E-20
 -3.5625000812515069E-19
  1.2354347575881579E-19
 -1.5824241259109074E-19
 -3.2635720939821615E-20
  2.3474340654341354E-20
 -3.7966856826908990E-20
 -1.5250041499235247E-19
  2.1281090671910218E-20
 -5.5603922440618280E-20
  1.3909307005014561E-19
 -3.3453485692722387E-19
  1.6536825519169620E-19
 -9.5374617851027061E-20
  3.6246958180545419E-20
 -3.3861399390496730E-19
  1.4687944480454077E-19
  7.8971352746184835E-20
 -4.3826321186409499E-19
  9.9674650360027647E-20
  1.7584065953965239E-19
 -4.4069931266808647E-20
 -4.0746106531050958E-20
  1.2305442590447249E-19
 -2.1543683531238316E-19
  9.0537512936250372E-20
 -4.1323050462180254E-22
  8.3747799859525431E-20
 -8.8925606779103168E-20
  1.2242532803419934E-19
  2.1546315767240411E-20
  4.4624762485120741E-20
 -1.9057278550509379E-20
 -3.7151362009335431E-20
  1.4585721004933382E-19
  1.6327126591479937E-19
 -4.3960926176090153E-21
 -1.7933405373227838E-20
  1.1490553961730737E-19
  2.9549238318165803E-20
  1.6033002016534353E-19
 -1.1680890452229944E-19
