                     128
                  0.4200
      0.0000000000000000
  1.8639882660520085E-01
  1.3788949931109840E-01
 -3.2168898998057721E-02
  9.2693820040945958E-03
 -2.9365198793900294E-03
  9.8657423466164671E-04
 -3.4491165874079216E-04
  1.2403245465609741E-04
 -4.5540825883681337E-05
  1.6989465818841205E-05
 -6.4181493176689312E-06
  2.4493282920007371E-06
 -9.4258530689849554E-07
  3.6529700815927218E-07
 -1.4241942493290973E-07
  5.5812344436700185E-08
 -2.1970472839928454E-08
  8.6827982125988236E-09
 -3.4434596722322420E-09
  1.3698752450486527E-09
 -5.4648574351992574E-10
  2.1855961968990897E-10
 -8.7609731263961529E-11
  3.5191498095328147E-11
 -1.4162795686409225E-11
  5.7097682416308669E-12
 -2.3056153806439242E-12
  9.3239730437292101E-13
 -3.7758277159781672E-13
  1.5310292511537501E-13
 -6.2156003238362997E-14
  2.5262508911177812E-14
 -1.0279823017689232E-14
  4.1877124697498016E-15
 -1.7079928501562602E-15
  6.9669609358821722E-16
 -2.8442294760532250E-16
  1.1594627585190166E-16
 -4.6641073272890591E-17
  1.9463289821098653E-17
 -7.9040124178647622E-18
  2.8306507412666284E-18
 -7.6924962789514365E-19
  1.2166307321762638E-18
 -1.1006790875464194E-18
  7.1854040106059181E-19
  4.8436481654486699E-19
 -9.1867132268253165E-19
  2.2152281301822776E-19
  1.2294848277845842E-19
 -5.8513050722398238E-19
  1.2538770057104930E-18
 -1.3724349768475683E-18
  1.1487411731555664E-18
 -5.9819502449265773E-19
  2.3474559131832276E-19
 -5.0369541667100350E-20
 -7.0703654515724163E-19
  4.5210551705499789E-19
  1.1285080176672331E-19
 -8.8752014865831920E-19
  9.4977357369945235E-19
 -1.5444836361536472E-19
  7.6671874679280782E-19
 -1.8096929503356316E-18
  1.8419455498357626E-18
 -8.6901562738404785E-19
 -2.6546746761621659E-19
 -5.9866746179100178E-20
  1.1922128305637100E-18
 -1.2930253192883080E-18
  3.8804358733692814E-19
 -7.0525845183728819E-19
  5.9952994065395227E-19
 -2.0722108482320165E-19
  3.4978209842838147E-20
  3.5849820501122949E-19
 -5.4014424295787412E-19
  6.8519143264044711E-19
 -7.0522670299986453E-19
  4.3076605957867007E-19
  5.9619625919026725E-19
 -8.4146106920687736E-19
 -1.0584146459293816E-19
  6.0579273584659483E-19
 -2.5244178043271061E-19
 -4.0133002974345994E-19
  1.0385338250773299E-18
 -9.4565819332871200E-19
  7.3087630778707071E-19
 -9.7491952497865851E-19
  5.5324492866497452E-19
  5.0954803816490188E-19
 -7.4014386605259071E-19
  7.9311964660955335E-19
 -3.0689852059593463E-19
 -1.4273178898861783E-19
 -3.6351468591677228E-19
  2.7834649860249123E-19
 -5.7629186925734181E-19
  1.3102717591857400E-18
 -8.6176866833366990E-19
  1.5297911256988478E-19
  5.0340919070332484E-19
 -2.7996644470798071E-19
  3.4427654253980352E-20
 -4.3510451136817447E-19
  7.3498433384463090E-19
 -2.9649732773061235E-19
 -5.0384353502042006E-19
  9.9371369934628350E-19
 -8.3424822945155498E-19
  7.8950162853390185E-19
 -6.7825228434654852E-19
  6.1127120176861169E-20
 -6.0297304172351724E-20
  9.0273874150237875E-20
 -6.9177510103348988E-20
 -4.5647576767142869E-19
  5.0614736299018372E-19
  2.3204928349773292E-19
 -5.0282170950960284E-19
  6.0558923983011010E-22
 -1.0726397803663526E-20
  6.1919896739929200E-19
 -5.6833864065130977E-19
  1.6423638627925376E-19
  1.0087973703469881E-19
