                     128
                  0.4000
      0.2087121525220800
  1.6749782417751016E-01
  1.2533613116058426E-01
 -2.6028026147393358E-03
  1.6343550620042263E-03
 -6.6207172453350630E-05
  4.2495530828851543E-05
 -1.8322780761931202E-06
  1.3414560764753563E-06
 -5.6454916648374424E-08
  4.5858712421278204E-08
 -1.9220556792013903E-09
  1.6352890139640774E-09
 -7.0494110859351568E-11
  5.9954033269533189E-11
 -2.7104322213825096E-12
  2.2448204354421208E-12
 -1.0706321005763561E-13
  8.5505674323378511E-14
 -4.2964482100360740E-15
  3.3029903950157145E-15
 -1.6821485799664234E-16
  1.3001805481774729E-16
 -7.9571462874672183E-18
  4.1876537706592035E-18
 -4.4158960041346637E-20
  1.8373366062185884E-18
  2.1593494815159454E-18
 -7.9552360720080693E-19
  2.4669247409193838E-19
 -2.3954660624200602E-18
  1.6492839566426919E-19
  2.3417563250811610E-19
  5.2291148385175209E-18
 -3.6900416148375760E-18
  2.2029318480627097E-18
 -1.2018544764977086E-18
 -1.4732153414591427E-18
  1.3961996351696731E-18
 -3.8208682875267403E-19
 -3.2641383935520899E-19
  9.2311637740036701E-19
  5.0179788565737272E-20
 -2.4174342598777832E-19
 -1.8105789622444234E-18
  1.7132086235520704E-18
  1.7789243973151518E-18
 -1.3273765318272730E-18
 -2.4108681121685601E-19
 -5.4041867972412608E-19
  1.3866396741983564E-18
 -1.0896916229106425E-18
 -3.2560036565703153E-19
  1.2213601917657264E-18
 -1.0544161164987267E-19
  4.3115451781019521E-20
  1.3406526425606363E-18
 -1.0822724160088550E-18
  7.6644890562146561E-19
 -1.4157908710365352E-18
  1.1560279179913180E-18
 -9.0717746909095975E-19
  3.2507403528864497E-19
  4.2938290494314360E-19
  1.7783534346252988E-19
 -3.2677594930226844E-19
  9.9514264693223126E-20
  2.5663827821186312E-19
 -2.5590256252183992E-19
  5.2038278889742978E-19
 -5.1779872224983172E-19
  4.1523061066858765E-19
  1.8477858947020991E-20
  2.1819124363669266E-19
 -1.6326130912239251E-19
  9.3704514774616058E-19
 -7.5856161556512882E-19
  5.6961183511978580E-19
 -8.1935874756518482E-19
 -2.2384459821691366E-19
  6.4507907458861550E-19
  3.4555803254225185E-20
 -4.2377870040347122E-19
  2.6931290067050728E-19
 -6.2710077287365571E-20
  1.5368460761284223E-19
  1.2628902679658790E-19
 -8.9870565369345402E-20
  4.2030703360296126E-19
 -5.2112865006541600E-19
  1.6860504761788301E-19
 -6.7829703876556489E-20
  5.1057066007781735E-20
 -6.6789276736004459E-19
  1.7658077583666040E-19
  5.0132155624070529E-20
  3.5753038828737580E-19
 -5.2830751610336934E-20
 -3.7391453525987818E-19
 -1.7346453725595843E-19
 -7.6286600290271138E-19
  8.0085092577657947E-19
  9.8647521249740298E-19
 -5.8290766338307219E-19
  2.3351969108081844E-19
 -1.1044581545071159E-18
  5.3244588655815762E-19
  2.0881770937747388E-20
  2.3011559063905892E-19
 -1.2877807088908704E-19
  2.7366908858447298E-19
 -4.5737797773287111E-19
  5.2443449441214652E-19
 -6.4588321724877384E-19
  7.6420817755118574E-20
 -4.7543609324785647E-19
 -1.1125751483554326E-19
  5.7282873206005113E-19
  3.1572305095236816E-19
  4.8349587035384169E-19
 -3.0767505391451703E-19
  1.8189382300196051E-19
  1.3588385260169625E-19
  1.9698592091183387E-20
 -6.4630404877303859E-21
  6.7227706080121992E-19
 -7.0668596266380005E-19
 -3.6129377269074758E-19
  9.5228182543670979E-20
