                     128
                  0.5000
      0.2679491924311228
  2.7814117251577775E-01
  2.5848253288851081E-01
 -8.6352215430384599E-03
  5.7148121160658736E-03
 -3.0278653149171564E-04
  2.4897976881507489E-04
 -1.3922400333232191E-05
  1.2737560947817420E-05
 -7.6808280597262781E-07
  7.0281480793120293E-07
 -4.6021363479410450E-08
  4.0777757300612445E-08
 -2.8510253622000463E-09
  2.4544406525508818E-09
 -1.7946440267966054E-10
  1.5181984899043043E-10
 -1.1419546696630838E-11
  9.5845643605115824E-12
 -7.3350437288560383E-13
  6.1452322210657092E-13
 -4.7535439150638448E-14
  3.9874845891921717E-14
 -3.1066266864607921E-15
  2.6123860236402812E-15
 -2.0672344047488089E-16
  1.7304090240701828E-16
 -1.0271003515239909E-17
  8.3816507339146081E-18
 -1.5918824661914920E-18
  2.2730002776929536E-18
 -3.2078947672787975E-18
  3.7888455170485487E-18
 -2.2571671635316527E-18
  1.4925047295273500E-18
 -2.4655074604503691E-18
  5.1777401744069775E-19
 -1.0219085807025075E-18
  3.7681059031876742E-19
 -5.7976838359760922E-20
  1.0966531839179921E-18
 -1.1388662089366004E-18
  1.7208540679137332E-18
 -1.2472688301303558E-18
  3.6219378488281788E-18
 -3.0954461383998457E-18
  7.7594187513233741E-19
 -1.9388899325680762E-18
  1.9569137299135539E-18
 -1.2906455961717313E-18
  5.1097720238091966E-19
 -3.2230554612701034E-19
 -1.5355114068472851E-18
  2.4544713455539643E-18
 -4.9703830524355454E-19
 -4.6336843480071537E-19
 -1.3187246395791846E-18
  2.4877368163688032E-18
 -2.8253754545454980E-20
 -3.7997026780427033E-19
  2.8423539398461240E-19
  5.3526456686520633E-19
 -2.6335786811416797E-18
  2.3058509662587106E-18
 -6.9970565360962478E-19
 -8.1501564245842800E-19
 -4.7124036655086288E-19
  1.8984581122591932E-18
 -5.1223144855510098E-19
 -8.5373242996119374E-19
  5.8350320748877998E-19
 -6.7743134321341109E-19
  2.0044314015576177E-18
  1.5443557003313026E-19
 -1.4542092101464451E-18
  7.0291042846517388E-19
 -2.8483857626991489E-19
  7.6751971400251163E-19
 -1.5608820905758078E-18
  2.0174798897767836E-18
 -2.4162019093096515E-18
  2.8907313732787963E-18
 -2.1406994383293562E-18
  2.0160780796827098E-18
 -4.8309099905461137E-19
 -7.8894387860102779E-19
  1.0480953008584641E-18
 -5.6253208919898562E-19
  1.7879044940602491E-18
 -9.6359381359270453E-19
 -2.1395389276244833E-19
  1.9409053595285369E-19
  1.0812961010774167E-18
 -2.3834328759532524E-18
  1.8132768850502433E-18
  1.1346597894469312E-19
 -2.4989394828630016E-18
  9.2256996728066797E-19
  7.9741358623578503E-19
 -1.1799333044263172E-18
  1.5990027631302873E-18
 -4.5126582143858031E-19
 -4.3178408205783502E-19
  4.0499378190801492E-19
 -3.3092079810021167E-19
  8.5288973899563602E-20
 -5.3289865416314590E-19
  3.9216304270239577E-19
  3.1994934024506853E-19
  1.9996622940249250E-19
 -3.6019314067291619E-19
  1.8042310738219688E-19
  1.6886035060925899E-19
 -5.6566369059092296E-19
 -5.9350564779539745E-20
  4.1317148893793381E-19
  9.3484086245530557E-19
 -3.1731350409931116E-19
 -6.0020203223356772E-19
  9.5102652708444675E-19
  5.6732316450148610E-19
 -1.2017693352242424E-18
  6.0580277148823006E-19
 -5.8194117061484195E-19
  1.9453308858576713E-19
  9.6796232000403895E-20
 -8.5887504072786046E-19
  7.7639688458312575E-19
 -2.0598481006361417E-19
