                     128
                  0.0790
      0.0000000000000000
  6.2421807606283224E-03
  9.8026417287699029E-04
 -3.8960066489165159E-05
  2.0521466749131823E-06
 -1.2159593240175002E-07
  7.6852676551082447E-09
 -5.0597394468750084E-10
  3.4263521660400590E-11
 -2.3685931037256456E-12
  1.6633994016468234E-13
 -1.1829057595383822E-14
  8.4939015781671844E-16
 -6.3499476786539509E-17
  4.8188108113190001E-18
 -1.2525511940055570E-19
  7.1304256599884964E-19
  1.4626741675337503E-18
  1.9476983529201379E-18
  1.4204371636213449E-19
  4.9388998517391347E-19
 -1.0279971421257944E-18
  1.1966544865504166E-18
 -3.6642865511356503E-19
 -2.5456459651671900E-19
  6.4600956678768621E-19
 -2.6965983619156795E-19
 -1.0734869032867771E-18
  5.8237288859994990E-19
 -3.3829137664841262E-19
 -6.2944693820213445E-19
  1.0743787926024259E-18
 -3.0170355805651624E-19
 -1.4875291087381089E-19
 -6.9212628741598324E-19
  8.0238214771721626E-19
 -8.8599034900260048E-19
  1.4977011217712791E-19
 -8.2486563759947793E-20
 -1.2380088384137490E-19
 -2.5157665448747554E-19
 -1.1180775285033393E-18
  7.4905215756091333E-20
  4.2092184112832949E-19
 -3.0710848015085830E-19
  4.9127889865627565E-19
 -4.8124094089360714E-19
  2.3432278012516478E-19
 -1.0201856721500700E-19
  3.1901469522100808E-19
  4.3932316416759714E-20
 -1.0536841881257311E-19
 -1.4855586959383674E-19
 -3.5515767123498977E-20
 -3.9115966924984685E-19
  4.4244874322768704E-19
 -1.1750604129459798E-18
  1.3931462118596247E-20
  3.9350053520789013E-20
  2.4217382511778726E-19
 -2.2173133696038132E-19
  4.2828545108290096E-19
 -3.9647979083489676E-20
 -2.5907281916168654E-19
  2.2012882172592312E-19
 -1.6393888813011446E-19
 -5.2160552168036093E-19
  3.7782098735481741E-19
 -2.8761359958878374E-20
 -1.6388354856553182E-19
 -3.0646050869863255E-20
 -7.1978169954056301E-19
  1.9371421036604525E-19
 -2.1512230507714023E-19
 -2.1452300139064852E-19
  1.3893399962749181E-19
 -3.9987090316651498E-19
  2.8048367214832771E-19
 -9.9143394175121598E-20
  8.7949957209601667E-20
  3.0441998889150085E-19
 -3.8050087859307073E-19
  3.3825656341525255E-19
 -7.6623043206042796E-20
  7.4024147630328071E-20
  2.5303806104345903E-19
 -3.1754838579438732E-19
 -9.3420181326782201E-20
  1.7927549507992976E-19
  2.2490275237033983E-19
 -2.8563650899743456E-19
 -1.5334322624630437E-19
 -3.3602557128342921E-19
  8.7220401364237456E-20
  1.8310166191688395E-19
  2.9179602597907290E-20
  2.2558794084584952E-19
  5.4154364856806667E-20
 -1.6985717964859530E-19
 -1.1852232593766692E-19
  3.3531871061766037E-20
 -2.7843481152471278E-19
  5.3732327441290933E-20
 -1.6955013791712938E-19
  4.7141607707361936E-19
 -1.4750215437235552E-19
  1.7482729353695811E-19
 -1.8399184419747613E-19
  4.0138799883989879E-21
 -1.1909430557044155E-19
 -1.4369656818614354E-19
  4.4425822356658521E-19
 -3.8896984750599509E-19
  1.0755473134453805E-19
  2.1605324935997089E-19
 -4.5909241166853122E-19
  3.9217882125628268E-19
  2.6902600199596231E-20
 -2.0111774770720357E-19
  3.0642668345904685E-19
 -1.9981287132323585E-19
 -1.3473620547084677E-19
  1.3727452822014323E-19
 -9.7853992652417237E-20
  3.2234296940627914E-20
  1.6262271233590110E-19
  5.3548712482281174E-20
  2.2128842969816954E-19
 -2.9899962052161675E-20
