                     128
                  0.4000
      0.0000000000000000
  1.6749782417751019E-01
  1.1903960506768460E-01
 -2.6302209312594381E-02
  7.1912898376906851E-03
 -2.1667057732093408E-03
  6.9310672160558223E-04
 -2.3079861668896492E-04
  7.9057349352899283E-05
 -2.7649260986905467E-05
  9.8248839641910004E-06
 -3.5351950137025834E-06
  1.2849884891183485E-06
 -4.7099473734358175E-07
  1.7385225484959608E-07
 -6.4556326518989320E-08
  2.4095303870594494E-08
 -9.0338273241968572E-09
  3.4003246645218881E-09
 -1.2843468580262497E-09
  4.8662406876485252E-10
 -1.8489085435087095E-10
  7.0425425338510662E-11
 -2.6886479298404304E-11
  1.0285861014227008E-11
 -3.9425091380832611E-12
  1.5137793992633703E-12
 -5.8217081312898563E-13
  2.2422450061831852E-13
 -8.6478105555153499E-14
  3.3393121968970140E-14
 -1.2908493875645892E-14
  4.9945130798606866E-15
 -1.9331513534390632E-15
  7.4805245568812667E-16
 -2.8911881593256702E-16
  1.1298207084691819E-16
 -4.4624482765580653E-17
  1.8849282868968913E-17
 -8.1478301491008401E-18
  4.0237230940749277E-18
 -2.9425573411888148E-18
  1.6506798485411580E-21
  4.0995640860891943E-20
  8.4328704873037997E-19
  7.5491181937985060E-19
 -2.5125468245018075E-18
  2.8033290053193057E-18
 -8.3390615986418297E-19
 -1.4241361726024174E-18
  1.4171208716563749E-18
 -9.8386132822726654E-19
  2.4611145189806368E-18
 -2.9949418224190910E-18
  2.9686912169306749E-18
 -2.2757160822320888E-18
  9.5832355697070202E-19
  3.8494808398594881E-19
 -8.6571605651396514E-19
  8.8814332919107173E-19
 -1.3337755611798631E-18
  1.6050913101372752E-18
 -1.4288759105861989E-18
  4.5576409515428996E-19
  5.2893130774801810E-19
 -1.0402393238467548E-18
  4.7571332188030395E-19
 -2.7777510525921753E-19
  5.0985835403126207E-19
 -7.9213260364838371E-19
  9.3019318771537715E-19
 -1.1148066198262861E-19
 -4.9028522343441614E-20
  7.4538233436770170E-19
 -1.9862754336611362E-19
 -4.2971447664074575E-19
 -1.5571821183137352E-20
  5.6029693684740198E-19
 -4.7011345773692035E-19
 -5.8464872079046967E-20
  3.4344595137261745E-19
 -4.6101930154327670E-19
  1.1994160202448096E-18
 -1.3006855305495473E-18
  6.4709441307395478E-19
 -4.0095740970526928E-19
  1.6840270387473028E-19
 -1.5271643147048470E-19
  5.1398888794828255E-19
 -1.8876192098948947E-19
 -2.0093998449567317E-19
  4.1265887758419583E-19
 -6.8306921792433265E-19
  5.5908161742286774E-19
  2.5542334728801465E-19
 -8.9891817109131431E-19
  1.1403948176059153E-18
 -9.6920583214713895E-19
  1.1334883924128275E-18
 -8.2392427582516537E-19
  3.2811840231338824E-20
  2.5372115193754960E-19
 -6.4231785087821931E-19
  8.8655317622056941E-19
 -8.8142422627895286E-19
  3.5362020515248796E-19
 -1.9853276763275886E-19
 -4.2080748694201963E-19
  4.3105768261418403E-19
 -4.2207015829976794E-19
  3.5096702989223462E-19
 -4.2201637743443539E-19
  5.1106546774655754E-19
  2.8675688776985529E-20
 -2.7643048147401515E-19
  2.5603097614608167E-19
 -1.3872872940260818E-19
 -1.7908035856927532E-19
  5.4219168015769870E-19
 -5.5782580068690332E-19
  2.5173066397135550E-19
  2.1881578021581914E-19
 -6.0446495608970379E-19
  3.8353211743215904E-19
  4.1800092835697599E-19
  3.7898654599259221E-19
 -9.6000641619158113E-19
  3.9210090004016371E-19
 -7.4815519592523875E-20
