   1.8167333258212468
   3.3972233563714789
 -0.27636649200499641
  0.37573379196123569
  -4.9991779697397272E-002
   6.7459428525722134E-002
  -9.8999321397823838E-003
   1.4413731307157417E-002
  -2.2358828629190012E-003
   3.3916950118263013E-003
  -5.4539999276873475E-004
   8.4512188353846234E-004
  -1.3958081393872446E-004
   2.1870649349798712E-004
  -3.6918927053364089E-005
   5.8146723888157494E-005
  -1.0003024491750185E-005
   1.5774695306201302E-005
  -2.7601360513117628E-006
   4.3469354281719791E-006
  -7.7240680863641422E-007
   1.2127878916977244E-006
  -2.1855064825447538E-007
   3.4176924830302603E-007
  -6.2381264773036797E-008
   9.7107006485914829E-008
  -1.7930938246410186E-008
   2.7780714942093566E-008
  -5.1836461714947258E-009
   7.9937737662236441E-009
  -1.5056714771163458E-009
   2.3116224396364571E-009
  -4.3911147514348001E-010
   6.7136031541655534E-010
  -1.2850998461097808E-010
   1.9572341698502405E-010
  -3.7726205158713569E-011
   5.7252746602428846E-011
  -1.1106064264718820E-011
   1.6798332707626360E-011
  -3.2778074582260106E-012
   4.9422970370542049E-012
  -9.6968977252306496E-013
   1.4577383880247274E-012
  -2.8749939077758669E-013
   4.3095050807672411E-013
  -8.5406792160092211E-014
   1.2765143596183272E-013
  -2.5402179437705304E-014
   3.7876622922006636E-014
  -7.5566023030749303E-015
   1.1247674523218527E-014
  -2.2502134862923278E-015
   3.3520689312008769E-015
  -6.7475341212831235E-016
   9.9758739190067297E-016
  -1.9857404773205295E-016
   2.8851777203794899E-016
  -4.6994436548035782E-017
   6.8897726173748518E-017
   7.0844151510196328E-018
   7.9221623075944031E-018
  -7.1680630951139354E-019
   1.9107625021901996E-017
  -2.4313477141083631E-017
   2.9476287131057018E-017
  -2.5468268119507372E-017
   1.8383549018112194E-017
  -1.1264026182796175E-017
   3.1586476570110121E-018
   7.6694317417099082E-018
  -1.8573060741047321E-017
   2.3622550710555921E-017
  -2.7970095784520121E-017
   1.9255154623076664E-017
  -7.3639975492594878E-018
  -8.0229328412371128E-018
   1.8983207851826816E-017
  -2.4201888608153081E-017
   2.3816196985860649E-017
  -2.1021927106477272E-017
   1.2613794410690167E-017
  -7.9131788496924783E-018
   2.3833002581831782E-018
  -1.0325582534945669E-018
  -3.9296871805722767E-018
   6.1452682818557961E-018
  -5.6719991796189605E-018
   3.0524336523635495E-018
  -1.0093095309655089E-018
  -3.0205481027584589E-019
   5.0876579477549625E-018
  -9.0100094269522303E-018
   1.0653727326948377E-017
  -8.4441177552345588E-018
   5.4845642869164904E-019
   1.8346447788249224E-018
  -6.9016591276703837E-018
   8.5806029757944769E-018
  -1.0295943273738176E-017
   1.1306257588846311E-017
  -1.3965982983513400E-017
   1.4719306001626451E-017
  -1.4019301300369367E-017
   1.5324400003164532E-017
  -1.2480844408191425E-017
   1.3618883838552808E-017
  -1.1499589829549606E-017
   1.2830877824662700E-017
  -8.2554634464955174E-018
   6.1553078541178285E-018
  -1.9223455212211190E-018
  -1.7075805165305644E-018
   6.1685783426380653E-018
  -4.6238565493241592E-018
   1.6522038155376123E-018
   3.7351600576148717E-018
  -6.6406705581821235E-018
   9.1446974298666456E-018
  -9.0143300381088171E-018
   7.5507066495307987E-018
  -2.7755715854865946E-018
   5.6424349124761137E-019
  -1.4313614534269705E-018
   1.1004561412532314E-018
   9.0840016632761533E-019
  -4.3360859114016731E-018
   2.5358180875323624E-018
  -2.9011002220405872E-018
   1.7307864256664917E-018
  -1.1080027555074097E-018
  -1.1208141155703293E-018
   3.0258829577719638E-018
  -5.9804643872894331E-018
   4.1344146587596022E-018
  -2.0653501485808679E-018
   2.4679823501260788E-018
  -3.1475589603520359E-018
   6.2241088323229409E-018
  -7.1329956522436393E-018
   7.0954972234413451E-018
  -6.4477838655124497E-018
   5.8616044588648556E-018
  -4.7020908623415984E-018
   3.9108992084778075E-018
  -5.8371214323448411E-018
   7.3559035372895075E-018
  -1.1444594812003408E-017
   9.2960729892159266E-018
  -7.8511802745405594E-018
   2.3017705494074379E-018
   2.6070009674282533E-018
  -3.4334717355136193E-018
   4.4651284353176076E-018
  -5.2529510717515760E-018
   5.3179167430578229E-018
  -7.9567032450306468E-018
   8.9330671493274341E-018
  -8.7326432878972755E-018
   6.4233946300881272E-018
  -5.1567434468208981E-018
   3.5388263803366525E-018
  -1.6030834520804701E-018
   1.9273752470532821E-018
  -2.1200532805602281E-018
   4.0817402575231904E-018
  -4.5447524381199787E-018
   3.8110025566774608E-018
  -1.0350891619849840E-019
  -1.8816609296732078E-018
   3.4677577955420490E-018
  -4.0872590199477422E-018
   3.8342015724154767E-018
  -2.2696531801275463E-018
   4.7967991009432957E-019
   2.0578388825701188E-018
  -3.9728939748644215E-018
   5.9945162006931367E-018
  -5.7266553996255032E-018
   3.7557574618091339E-018
  -2.6847810141140264E-018
   2.9097361290058259E-019
   3.0596872632462777E-018
  -6.5597869645869798E-018
   7.0729600584853528E-018
  -4.4989263758153964E-018
   2.0195071535726912E-018
  -1.4198337934931180E-018
   2.0354642966501946E-018
  -1.9129911180154052E-018
   6.4340432000338360E-018
  -7.5456159136710215E-018
   7.5591529646949081E-018
  -3.9366362080008828E-018
   3.9125578644202427E-019
   3.8899090936408430E-018
  -3.1212444158680174E-018
   1.9346818263339963E-018
   1.0143670831003169E-018
  -3.0635190383050463E-018
   1.9545040965311535E-018
   2.1578992220305182E-018
  -5.5606340694903626E-018
   6.7414851411373882E-018
  -5.5048006602995673E-018
   3.5752975848439720E-018
  -2.0060090315085007E-019
  -2.4120891238520223E-019
   1.2885084813511897E-018
  -1.3333478953880277E-018
   6.1625951922998455E-019
  -1.6712517453110275E-018
   1.4088271395871735E-018
  -3.5945030826764321E-018
   3.2147930205304914E-018
  -2.7097845322753348E-018
   3.7282162032952822E-018
  -3.4426978121418277E-018
   3.3551142175369651E-018
  -3.8526776350135090E-018
   4.9007556909356103E-018
  -5.3662121753746834E-018
   3.2923229369089125E-018
  -2.9663829954778029E-018
   2.7358487497809719E-018
  -3.2384703020586949E-018
   4.0148478156352339E-018
  -5.7496488734598959E-018
   6.9452529712967746E-018
  -6.0703046682974615E-018
   4.1406895559834058E-018
  -3.8408963515506714E-018
   2.6467805107049426E-018
  -2.6680987415073692E-018
   1.0784462863227981E-018
   7.9255573288382105E-019
  -2.8108293684173885E-018
   3.4089322025365124E-018
  -4.3799914550408111E-018
   4.9989233437241884E-018
  -5.1600293042576792E-018
   3.5833850089998507E-018
  -2.2511643440702179E-018
   1.0592647659550231E-018
  -2.6844555894331832E-018
   3.0667220149614443E-018
  -2.5640261235349976E-018
   2.5523200739718701E-018
  -2.6818613945995216E-018
   3.5120828904987221E-018
  -2.9328681439638282E-018
   0.0000000000000000
   0.0000000000000000
   0.0000000000000000
   0.0000000000000000
   0.0000000000000000
