       1.6749782417751019E-001
       1.1903960506768464E-001
      -2.6302209312594402E-002
       7.1912898376906851E-003
      -2.1667057732093352E-003
       6.9310672160557876E-004
      -2.3079861668896419E-004
       7.9057349352902861E-005
      -2.7649260986909112E-005
       9.8248839641960657E-006
      -3.5351950137095346E-006
       1.2849884891274014E-006
      -4.7099473735041678E-007
       1.7385225485402024E-007
      -6.4556326521027519E-008
       2.4095303871131639E-008
      -9.0338273246447011E-009
       3.4003246630767618E-009
      -1.2843468563876986E-009
       4.8662406560750578E-010
      -1.8489085142135968E-010
       7.0425423816452323E-011
      -2.6886478405455831E-011
       1.0285860238872313E-011
      -3.9425075269051356E-012
       1.5137777702519217E-012
      -5.8217082696766972E-013
       2.2422512752727344E-013
      -8.6479224832342403E-014
       3.3392904119270213E-014
      -1.2908489776133309E-014
       4.9946962532607143E-015
      -1.9341477507894345E-015
       7.4966583062652395E-016
      -2.9047054712249329E-016
       1.1437830986421574E-016
      -4.5417696981187940E-017
       1.8752066874170680E-017
      -7.4935226311495754E-018
       2.9068142242176900E-018
      -2.2631011990006460E-018
      -4.8030085431804674E-019
       8.3045805315196273E-019
       3.3529954121617242E-019
       9.9304853373891343E-019
      -2.8931737848864443E-018
       3.7778593781836810E-018
      -1.4428767872875661E-018
      -1.4285884738325931E-018
       1.2935992563577451E-018
      -4.7019809554086585E-019
       2.1489675370134730E-018
      -2.1108058036478647E-018
       2.1465466329296744E-018
      -2.2328834982033637E-018
       1.3545186414706688E-018
      -2.4576272963476057E-019
      -6.3016379576200610E-019
       4.1707339780176598E-019
      -6.4423921019656886E-019
       1.2638761205181542E-018
      -1.3331136556372359E-018
       6.9478315241052701E-020
       9.7458906232785022E-019
      -7.9968633232712109E-019
       2.5858381390681664E-019
      -7.3028591976174534E-019
       5.6243178379347950E-019
      -7.5837600149014295E-019
       1.2152475648042626E-018
      -8.4988623724089012E-019
       7.9960664121528850E-019
      -6.2337266677237488E-019
       4.0299969547876063E-019
      -3.0771852512516112E-019
       9.3702904260590978E-021
       8.8996602481016766E-019
      -9.5396813420975274E-019
       4.4780389828436676E-019
      -1.2829337594623026E-019
      -2.6529097080095359E-019
       1.1043450153273262E-018
      -9.4498629504289992E-019
       1.1558601895597981E-019
       2.3864217559403035E-019
      -4.8526209617066052E-019
       3.4528589740701784E-019
       1.4787737367693550E-019
      -2.2155890913965751E-019
       1.0539801992380305E-019
       2.0018315161752998E-019
      -2.8774299619273735E-019
       2.1054282818960375E-019
       5.2627212826431160E-019
      -1.0143420079287870E-018
       8.1974257628255392E-019
      -7.7662615494236075E-019
       8.8659175786916770E-019
      -7.9982431764071546E-019
       1.0088911259105930E-019
       3.5105592122962157E-019
      -7.2490619315929165E-019
       1.1005620227151336E-018
      -1.1243316133985982E-018
       3.1389603396586955E-019
       3.4422420501241411E-020
      -3.4285465959497338E-019
      -5.8005045708789369E-020
      -7.3876790691073369E-020
       3.0754386486812683E-019
      -4.2157744265693750E-019
       4.4734869435076194E-019
       2.7428984493469363E-019
      -4.3187605185648358E-019
       2.1431204170213954E-019
      -1.6751122092052347E-019
      -1.0630470069518882E-019
       4.9457765271275408E-019
      -6.3188246845991732E-019
       2.5257035129727094E-019
       4.0702949926987348E-019
      -6.6393003338262740E-019
       2.6301484354729904E-019
       6.0789729726562424E-019
      -2.1142674542550248E-019
      -4.2867382868840786E-019
       1.3049217311451534E-019
      -9.5459076424935946E-020
