  128
  0.40000000000000058
  0.0000
  0.16749782417751075 
  0.11903960506768521     
  -2.6302209312594558E-002
   7.1912898376907727E-003
  -2.1667057732093751E-003
   6.9310672160557648E-004
  -2.3079861668895107E-004
   7.9057349352898117E-005
  -2.7649260986907191E-005
   9.8248839641988304E-006
  -3.5351950137017431E-006
   1.2849884891116652E-006
  -4.7099473733972712E-007
   1.7385225484910546E-007
  -6.4556326515380827E-008
   2.4095303871542999E-008
  -9.0338273312716536E-009
   3.4003246654110621E-009
  -1.2843468585932256E-009
   4.8662406595585841E-010
  -1.8489085189358274E-010
   7.0425424695716828E-011
  -2.6886479256134832E-011
   1.0285860070507456E-011
  -3.9425088054250314E-012
   1.5137823068357882E-012
  -5.8217470038516468E-013
   2.2422821412829345E-013
  -8.6482937875595287E-014
   3.3399170008176114E-014
  -1.2913394867571545E-014
   4.9981054148705514E-015
  -1.9394348214733957E-015
   7.5498095612609788E-016
  -2.9317874392762248E-016
   1.1353396490950865E-016
  -4.3455225564531536E-017
   1.8170327227380713E-017
  -1.0202760107516485E-017
   5.5026508013024810E-018
  -1.9102744711803033E-018
  -3.8805235852622564E-019
   7.6973349984112277E-019
  -2.7179963641262709E-019
   1.0814026382791359E-018
  -1.7683306266266627E-018
   9.5277178073101292E-019
  -5.6508169596528156E-019
  -3.4522479214685384E-019
   2.6127280887437151E-018
  -2.1189747778484713E-018
   1.7510154150255337E-018
  -2.7018276552928808E-018
   3.6458908333352763E-018
  -2.7787677295953463E-018
   1.2271077119792023E-018
   3.6572802012924943E-019
  -4.6986509575820851E-019
   8.0850657435808813E-019
  -1.9624401183444109E-018
   7.1871825240288402E-019
  -4.4614472769659609E-019
   7.5776296942040355E-019
  -3.2915724823119765E-019
   0.0000000000000000     
   0.0000000000000000     
   0.0000000000000000     
   0.0000000000000000     
   0.0000000000000000     
   0.0000000000000000     
   0.0000000000000000     
   0.0000000000000000     
   0.0000000000000000     
   0.0000000000000000     
   0.0000000000000000     
   0.0000000000000000     
   0.0000000000000000     
   0.0000000000000000     
   0.0000000000000000     
   0.0000000000000000     
   0.0000000000000000     
   0.0000000000000000     
   0.0000000000000000     
   0.0000000000000000     
   0.0000000000000000     
   0.0000000000000000     
   0.0000000000000000     
   0.0000000000000000     
   0.0000000000000000     
   0.0000000000000000     
   0.0000000000000000     
   0.0000000000000000     
   0.0000000000000000     
   0.0000000000000000     
   0.0000000000000000     
   0.0000000000000000     
   0.0000000000000000     
   0.0000000000000000     
   0.0000000000000000     
   0.0000000000000000     
   0.0000000000000000     
   0.0000000000000000     
   0.0000000000000000     
   0.0000000000000000     
   0.0000000000000000     
   0.0000000000000000     
   0.0000000000000000     
   0.0000000000000000     
   0.0000000000000000     
   0.0000000000000000     
   0.0000000000000000     
   0.0000000000000000     
   0.0000000000000000     
   0.0000000000000000     
   0.0000000000000000     
   0.0000000000000000     
   0.0000000000000000     
   0.0000000000000000     
   0.0000000000000000     
   0.0000000000000000     
   0.0000000000000000     
   0.0000000000000000     
   0.0000000000000000     
   0.0000000000000000     
   0.0000000000000000     
   0.0000000000000000     
   0.0000000000000000     
   0.0000000000000000     
