   -9.7578195523695399E-18
    2.3675575948962702E-01
   -6.6992137885540842E-02
    2.3353791246042588E-02
   -8.8801417594688917E-03
    3.5611661266961156E-03
   -1.4824442869689008E-03
    6.3426620229936745E-04
   -2.7704017562399440E-04
    1.2295665360119879E-04
   -5.5265408947413958E-05
    2.5095692979096967E-05
   -1.1492431392237214E-05
    5.3003023526008877E-06
   -2.4592710358026107E-06
    1.1470062102984877E-06
   -5.3738577409512666E-07
    2.5277173793236274E-07
   -1.1931497888292500E-07
    5.6496290828673487E-08
   -2.6826463601649524E-08
    1.2770444933509527E-08
   -6.0931948941086406E-09
    2.9133429932010306E-09
   -1.3956230705245165E-09
    6.6974061086672991E-10
   -3.2191938384448133E-10
    1.5496601347003357E-10
   -7.4701151690504587E-11
    3.6055977981728376E-11
   -1.7424014149363364E-11
    8.4295849651656179E-12
   -4.0824407314272900E-12
    1.9790695183578601E-12
   -9.6029872333935770E-13
    4.6637454023768909E-13
   -2.2667730362218102E-13
    1.1026124317101577E-13
   -5.3668452681693180E-14
    2.6144603816614490E-14
   -1.2740726839631225E-14
    6.2130833782912292E-15
   -3.0263491099967011E-15
    1.4818549437670622E-15
   -7.2433058304720823E-16
    3.5276095262877539E-16
   -1.6663220897471428E-16
    8.5875425218013335E-17
   -3.9470355248092257E-17
    2.4200349983554138E-17
   -3.4683061228168318E-18
    6.1845309543406584E-19
    8.7835143588835471E-18
   -7.4701424839108614E-19
   -9.9996093568036769E-19
   -4.4008665905538899E-19
    1.2713095998643867E-18
   -1.2388518598084185E-19
    6.6208595019928403E-18
   -2.6977999370049466E-18
    1.4568966692773966E-18
   -1.1113072267976420E-18
    8.6736173798840355E-19
   -3.4694469519536142E-18
   -4.1545155859819066E-18
   -1.5441901974905165E-18
   -5.7895848419903063E-18
   -1.8552414736036634E-18
    4.6712897768772929E-18
   -1.8947404060677254E-18
    2.7200370893795092E-18
   -2.8376792098134950E-18
    5.5588756675720215E-18
    1.3790608860977182E-18
    4.7637089293747366E-18
   -3.7639806330534500E-18
    2.9554513122417907E-18
   -3.8281438395643038E-18
    2.7269127901489148E-18
    2.0742087649822806E-19
    2.1783920400500313E-18
    7.9142738399487766E-19
   -4.3832499311313423E-18
    9.9128164529878719E-19
   -7.1868412789418487E-18
    6.8196456396340956E-19
    3.9246272410284360E-18
   -2.5070605151533127E-18
   -3.2728084651199031E-18
    4.4834058962777923E-18
   -3.3993526205811618E-18
    2.9289840440094950E-18
   -1.2976494984455046E-18
   -3.6770030844934231E-18
    2.4411758384342654E-18
   -5.3891184183074223E-18
    5.9724726646639903E-18
    1.7136209567974814E-18
    1.8593021355061502E-19
   -3.0074066173609837E-18
    1.1964817380522107E-18
   -2.9112350613217637E-18
    7.3298501580771647E-18
   -7.0443572417525938E-18
    7.7997782056978960E-19
   -1.8984116352938966E-18
    1.3946149728886417E-18
    2.0947489064583661E-18
    5.8663382128993597E-19
   -7.9022915647544504E-19
   -1.7684882471531761E-19
   -1.0933094541444795E-18
    4.8811910528605351E-18
   -4.9492455756726009E-19
    1.3587766471335928E-19
    5.2002974768580863E-18
   -3.1097738407178273E-18
   -7.9897600160300495E-19
   -2.6271811370423364E-19
   -8.6275525962997523E-20
   -3.4880442727198849E-18
    1.9824752363747083E-18
   -1.0661266217399957E-18
   -1.4589083725271255E-18
    6.1839757896668332E-18
   -5.4481159167396598E-18
    2.9273458657108620E-18
    8.6736173798840355E-19
    4.1707902322801749E-18
   -8.0230960763927328E-18
   -1.3010426069826053E-18
   -1.9583401740519424E-18
    5.1669009782512321E-18
   -2.6918707063741665E-18
   -6.8694372022323757E-19
    4.0649111138733873E-18
   -1.7891453428378959E-18
    2.1999563222562316E-18
   -2.1893684104155528E-18
    1.5754548121133969E-18
   -2.8998305298148981E-18
    9.9210719180630054E-19
   -1.7878433605537374E-18
    3.2590055866752235E-18
    4.0350077075489828E-18
   -1.1307632075686523E-17
    1.0488081738995202E-17
   -4.3544484716010759E-18
    2.2547903318575249E-18
   -1.9228091736770041E-18
   -3.2211319203326555E-18
   -4.1659601405065445E-18
   -2.1555970299986679E-18
    1.3744737047056221E-18
   -4.0573076696827999E-18
    1.5409646892923859E-18
   -6.6631846795759536E-18
    6.8643550045488499E-18
   -3.1306337730518941E-18
    1.9786689647860456E-18
   -6.9375193460663799E-18
    7.9078375724566367E-18
    8.6384487837551231E-18
   -7.4558438709517885E-18
    3.6066275750880105E-19
    3.0090215703974367E-18
    1.7640796466123119E-18
   -1.1660289635118130E-18
   -1.2309628636637399E-18
    5.6319391410595028E-18
    2.2821092770365652E-18
   -5.8468897880990474E-18
   -2.7836235190316588E-18
    1.4123687589195945E-18
   -5.6995894178485028E-18
    5.1308221167941763E-18
   -5.7652811172301421E-18
    2.3431022815050295E-18
   -9.5643931639967466E-18
    1.1613547866054690E-17
   -9.0826005618197029E-18
    3.2311151547142127E-18
    6.3472575259265993E-18
   -4.5894119744924676E-18
    6.4197860346997951E-18
   -1.2001025840133719E-18
    5.5967371117582874E-19
    1.5517643593698782E-18
    2.2092736846760289E-18
   -2.3852447794681098E-18
   -4.0657581468206416E-18
    8.6736173798840355E-18
   -1.1568403068963905E-17
    1.0437292014254088E-17
   -3.2959198452736461E-18
   -8.4183803132361631E-18
    2.6365528554193726E-18
   -2.6511572061811243E-18
   -4.6766494921254093E-19
   -1.5996802976561300E-18
    3.5369483815980165E-18
    4.7514723299479294E-18
   -2.8353498572863725E-18
   -1.9237331431758759E-18
    1.1398050488885273E-18
   -2.4941714932366369E-18
    3.5942443076386799E-18
    6.5529916109021144E-18
   -4.2820968698506815E-18
    1.6663719025596121E-18
   -1.5172303348807333E-18
   -9.4427918007530713E-19
    4.8940809335185115E-18
   -4.5254135463557026E-18
    6.3816056764392844E-19
   -3.9734973867931867E-19
    3.8508117925811058E-18
    1.9979656677464131E-18
    2.9789960343057143E-18
   -2.5148938141394637E-18
    7.1254040929668542E-19
    3.6861721830434028E-18
   -3.5304959010255359E-18
   -2.2263301496904823E-18
    3.5231646484006794E-18
    6.5871830336850006E-18
   -5.7676974946595236E-19
    4.5229232000361424E-18
   -1.8588922628615063E-18
    2.8884040218186157E-18
   -2.4376694784616930E-18
    7.6584105040293639E-18
    3.7115112677092757E-18
    6.8643947536352630E-18
   -7.9484929145714878E-18
   -6.4310329776058751E-18
    6.9132536430900733E-18
   -9.7687990273223042E-19
   -1.7140562516823423E-18
   -1.9840617704727338E-18
    1.2014323200486995E-18
   -5.6662453627711344E-18
    9.3912371549318429E-19
    7.0380843645005195E-18
   -4.0319270953240551E-18
    2.7267113397096048E-18
   -3.1974443691836293E-18
    4.3526322414698509E-18
   -3.7635870011034892E-18
   -2.4075885821743921E-18
    1.9738779346781385E-18
    2.5774153793764291E-18
   -4.7857361519867969E-18
    3.0086610286472748E-18
   -2.8189256484623115E-18
    1.2143064331837650E-17
   -6.5052130349130266E-19
    0.0000000000000000E+00
    6.9388939039072284E-18
    0.0000000000000000E+00
   -6.0715321659188248E-18
    4.5536491244391186E-18
   -8.6736173798840355E-19
   -5.4210108624275222E-20
   -1.1926223897340549E-18
   -1.7889335846010823E-18
   -2.8866882842426556E-18
    6.1951989762179527E-18
   -3.3042755272390256E-18
   -3.6972988147650210E-19
    1.2027867851011065E-18
    2.2559663758934222E-18
   -6.4881664968495338E-18
    2.1167353351884965E-18
   -7.2648957094817272E-19
    7.6670378360805072E-19
   -7.6990133298393570E-18
    5.6825637177555644E-18
   -3.2362746634422663E-18
   -2.6194235399897815E-18
   -3.4479002411651032E-18
   -1.1982269416346503E-17
    1.5185298967187227E-18
   -8.7176895629208608E-19
   -1.6570082030662250E-18
   -1.4738373282224826E-19
    5.0144350477454580E-19
    5.4481159167396598E-18
   -6.6949521339776237E-18
    1.4613358980369513E-17
   -8.5619290943150392E-19
    5.9705869234924328E-19
    2.6962543832382799E-19
    2.7693470074229867E-18
    1.7631084306540042E-18
   -1.1358992653573109E-18
    4.0838086441385779E-18
   -1.1816728471810825E-19
    2.3793666851803120E-18
    3.5142408986832191E-18
   -5.5541565938631399E-18
   -1.0437060420034723E-18
    9.6230531027157164E-19
    6.6865626782878125E-18
   -9.6341535011767905E-19
   -1.9425804597279377E-18
   -1.5081748765584856E-18
    1.5182617013437993E-18
    3.5915817394195967E-18
   -4.0933322173868582E-18
    4.5397838196139282E-19
   -1.8248169380675741E-18
    7.6846629869824808E-18
   -3.0122344488935039E-18
    3.9004543732080446E-18
   -4.8239585137316472E-18
   -3.0069669627527662E-18
    1.2739375526704677E-18
   -5.4210108624275222E-18
    5.2041704279304213E-18
   -8.5314319818551704E-19
   -6.2421414748049235E-19
   -3.6429740586335822E-18
    1.4762305193899357E-19
    2.7690476318044816E-18
   -2.3810819116719828E-18
    4.7169121875132481E-18
   -4.8872612691457245E-18
   -2.6391530983864486E-18
   -1.8627166989799237E-18
   -1.3961176893284520E-18
    7.4684792278701325E-18
   -6.9716315618684533E-18
   -1.7950233471262775E-18
   -1.7031742117185865E-18
    6.8407865997191084E-18
   -5.1234230272572778E-18
    4.3140744589283808E-18
   -3.3228789097347732E-18
   -1.1412091652997884E-18
   -3.4597446022356122E-18
    3.0851525984252118E-18
   -1.2458262662135944E-18
   -1.4504502822421052E-18
    3.4375444309407708E-18
   -1.0760682142080284E-18
   -3.5381880158439306E-18
   -1.1481502119665317E-18
    4.2931815164103377E-18
   -7.0385131870581789E-19
   -5.9919379533242924E-18
    1.3073788175272504E-19
    2.8368393889677091E-18
    1.1386623361870564E-17
   -3.9783810200413398E-18
    2.5665847600610372E-18
   -5.2458062166079145E-18
    5.1696724518255494E-19
    7.2341189630596644E-19
    1.7710880006285136E-18
   -6.3611444240342724E-18
   -1.4284204195181464E-18
    1.7179153857379815E-18
   -5.8998542750879894E-18
   -9.5093363004997093E-19
    1.2684231236110754E-18
    2.4715274812629133E-19
    3.7135873118381381E-18
   -1.8557899990385666E-18
   -5.8178806304693091E-18
   -4.2082759628950972E-19
    7.0463110075278824E-18
   -9.8714871430747845E-18
    1.6036657463704875E-18
   -2.8614018705177467E-18
    7.2004724923071393E-19
    1.8906373279202495E-18
   -7.2238175066720376E-18
    2.3380789409403361E-18
   -1.4903544706939414E-18
    1.2133746969417852E-19
   -3.5236570605778894E-18
    4.8789097761847700E-18
    4.3368086899420177E-18
    4.9365080165980624E-18
   -5.8546917314217239E-18
    1.3010426069826053E-18
   -3.2458302538784789E-18
   -3.4321775022744250E-18
    3.9929133133567718E-18
    1.5543054582116411E-18
   -2.2217674206480298E-18
   -5.4479041585028462E-18
    3.7902606807261804E-18
   -6.1217188680436421E-18
    9.1174891140248905E-18
   -6.7478747394115828E-18
   -6.3720038690674870E-19
    3.1606720098161447E-18
   -1.9762800671769924E-18
    1.9593385810512939E-18
   -4.6255076484200955E-18
    8.5451853371723545E-18
    6.4145307753224867E-19
   -3.3423161160442674E-18
    1.7889076576587576E-18
    5.9115401713838283E-18
   -6.3596180575472044E-18
    3.9585293022987148E-18
    2.7356041589501513E-19
    5.6287159142395874E-18
   -1.0886385075467488E-17
    5.3867060280637230E-18
   -6.6237976475286287E-18
   -4.7433845046240819E-19
   -1.9244588561617704E-18
    2.4038626626701142E-18
   -6.3074532637435376E-18
    6.7885404716367866E-18
   -6.3568943816736014E-18
    2.3082920062714283E-18
    4.4709184758588881E-18
   -7.7983238668704872E-18
    4.6836215080183056E-18
   -4.4085499289041786E-18
    5.7709364241562522E-19
   -4.9675507860237248E-18
    2.8718131175583834E-18
   -1.9639472682621466E-18
   -2.3644839208579812E-18
   -7.4469012402640542E-19
   -1.1538974459013483E-18
   -2.4970709455566578E-18
   -3.5763361492871709E-18
    3.6678017326830041E-18
   -1.9469983363642456E-18
    3.4955845233711914E-18
    8.9169597044839387E-19
    1.3319718957889539E-18
   -2.6201067847134018E-18
    1.1179799609671972E-17
   -4.0268103476785823E-18
    3.9250481071804712E-18
   -2.2790480237061018E-18
    1.3923104070492562E-18
   -1.6263032587282567E-18
   -2.0057740190981832E-18
   -6.9388939039072284E-18
    3.9993166522994774E-18
   -8.2688876692830790E-18
   -1.1493090619169220E-18
   -2.8234212096000957E-19
    3.8008975437133096E-18
   -2.8308400284487075E-18
   -4.6407129276718944E-19
   -8.1266953612411732E-19
    4.3853507740714538E-18
    9.6345896517683534E-19
    1.6971493344134065E-18
    2.2663579703402403E-18
   -2.5666585183179979E-18
    3.2155590141665822E-18
   -3.5843909321819482E-18
    6.9517377406509269E-18
   -1.3795171102609738E-17
    1.4217126231445862E-17
   -1.3023670016311732E-17
    1.8091815375975367E-17
   -6.1817823062927663E-18
   -1.5976306330503120E-18
    4.3394023036091223E-19
    1.3173017459327684E-18
    3.5100990615990789E-18
   -1.0436990938322697E-18
    5.6836132259864659E-18
   -4.3365968775229616E-18
    2.2470154684019790E-19
   -3.2016693372139426E-18
    1.6060370448637663E-18
    3.9068435170430142E-18
   -1.3549297052127496E-18
    5.8997439183048586E-18
   -5.8222798654575516E-18
   -4.0821013427109524E-18
    8.2934615208790090E-18
   -3.8571598842770103E-19
    5.1014969862481731E-19
   -7.9949558564444461E-19
    3.0419489347551587E-18
   -6.2082575815162262E-18
    7.0448127241472663E-18
   -9.2202613917549838E-18
    2.7944548485953844E-18
    6.0820094865417276E-18
   -1.9493084944221824E-18
   -1.2612653156465893E-17
    1.2329078722682224E-16
   -1.0666514583216663E-15
    9.1525402128885209E-15
   -7.8978440355045403E-14
    6.8499552628884216E-13
   -5.9832732655827710E-12
    5.2705194416728231E-11
   -4.6904240762687274E-10
    4.2272976010448326E-09
   -3.8712536758216012E-08
    3.6192487474382018E-07
   -3.4777012956045663E-06
    3.4688053747924186E-05
   -3.6490298821941858E-04
    4.1870086178462948E-03
   -5.9188939872406754E-02
